Id,Label,timeset,name,follower count,friends count,indegree,outdegree,Degree,pageranks,Eccentricity,closnesscentrality,harmonicclosnesscentrality,betweenesscentrality,weighted indegree,weighted outdegree,Weighted Degree,clustering
17461978,0,,SHAQ,15349596,692,3,0,3,0.00109,0,0,0,0,3,0,3,0
1297437077403885568,1,,Jennifer Fishpaw,0,44,0,3,3,0.000359,3,0.483871,0.555556,0,0,3,3,0
17685258,0,,Brad Parscale,762839,475,3,1,4,0.001055,1,1,1,0.000013,3,1,4,0
1659167666,1,,Vonte The Plug :microphone::electric_plug:,13324,647,1,0,1,0.000395,0,0,0,0,1,0,1,0
34743251,0,,SpaceX,12601567,96,6,0,6,0.001144,0,0,0,0,6,0,6,0
27260086,0,,Justin Bieber,112403156,295385,4,0,4,0.001297,0,0,0,0,4,0,4,0
57097104,0,,Matthew McConaughey,2656850,168,3,0,3,0.00117,0,0,0,0,3,0,3,0
1297609266623217664,1,,Richard Aldrich,4,66,0,4,4,0.000359,5,0.318471,0.352333,0,0,4,4,0.083333
207809313,0,,BJP,14514819,3,2,2,4,0.000763,1,1,1,0.000001,2,2,4,0
24212655,0,,Carrie Nahabedian,3756,326,1,1,2,0.000458,2,0.571429,0.625,0.000005,1,1,2,0
1485029462,0,,Wheels Up,189379,163965,1,0,1,0.000556,0,0,0,0,1,0,1,0
105297123,0,,EA SPORTS FIFA,7723523,348,3,0,3,0.001214,0,0,0,0,3,0,3,0
849880970,1,,Nile Gardiner,13120,1406,0,1,1,0.000359,4,0.424242,0.470238,0,0,1,1,0
15764644,0,,Nancy Pelosi,5174221,362,8,0,8,0.001442,0,0,0,0,8,0,8,0
39555442,1,,Shawn,2829,789,1,0,1,0.000395,0,0,0,0,1,0,1,0
480604244,1,,Matteo Scolari,648,513,1,0,1,0.000405,0,0,0,0,1,0,1,0
764941707133812736,1,,Jean,49,369,0,1,1,0.000359,1,1,1,0,0,1,1,0
23022687,0,,Ted Cruz,3869942,6201,2,0,2,0.000859,0,0,0,0,2,0,2,0
90868268,1,,David Lubman,1,39,0,6,6,0.000359,3,0.526316,0.616667,0,0,6,6,0
14230524,0,,Lady Gaga,81823325,122006,5,0,5,0.001043,0,0,0,0,5,0,5,0
726414091,0,,Trump Charlotte,98422,120,1,1,2,0.000511,2,0.666667,0.75,0.000001,1,1,2,0
236699098,0,,Kylie Jenner,35164841,1023,7,0,7,0.001951,0,0,0,0,7,0,7,0
939091,0,,Joe Biden,8865461,28,9,0,9,0.001698,0,0,0,0,9,0,9,0
1280688197068972033,1,,trump supporter,2,46,0,4,4,0.000359,4,0.432099,0.492857,0,0,4,4,0
177673457,0,,Kavitha Kalvakuntla,989533,190,1,1,2,0.000521,1,1,1,0,1,1,2,0
558797310,0,,Manchester United,22772146,135,4,0,4,0.000817,0,0,0,0,4,0,4,0
208120290,0,,U.S. FDA,369322,152,2,1,3,0.000921,1,1,1,0.000014,2,1,3,0
5402612,0,,BBC Breaking News,45042254,3,9,0,9,0.002234,0,0,0,0,9,0,9,0
1141136372,0,,Jesper Parnevik,35828,6930,2,0,2,0.000723,0,0,0,0,2,0,2,0
14108472,0,,Giuseppe Civati,371354,6136,1,0,1,0.000405,0,0,0,0,1,0,1,0
783214,0,,Twitter,58285236,1,4,0,4,0.001329,0,0,0,0,4,0,4,0
169686021,0,,ye,30839878,259,3,0,3,0.000621,0,0,0,0,3,0,3,0
30180137,0,,Tommy Hilfiger,1582775,1571,1,0,1,0.000514,0,0,0,0,1,0,1,0
58579942,0,,Matt Gaetz,637388,2631,2,0,2,0.000664,0,0,0,0,2,0,2,0
1447949844,0,,Amit Shah,22458623,295,2,0,2,0.000756,0,0,0,0,2,0,2,0
812362585332912128,0,,PattyB,22176,23477,1,0,1,0.000682,0,0,0,0,1,0,1,0
2353605901,0,,Ronna McDaniel,757453,2584,1,0,1,0.000682,0,0,0,0,1,0,1,0
22703645,0,,Tucker Carlson,3810939,96,2,0,2,0.000574,0,0,0,0,2,0,2,0
84078498,0,,Don Jediondo,634056,18608,1,0,1,0.000405,0,0,0,0,1,0,1,0
23527603,1,,Charley Radcliff,46,148,0,2,2,0.000359,5,0.30625,0.328061,0,0,2,2,0
237824268,0,,Taliah89,251,418,0,9,9,0.000359,5,0.326409,0.378636,0,0,9,9,0
1150826920394788864,1,,TP,2,235,0,1,1,0.000359,1,1,1,0,0,1,1,0
19570960,1,,Donald J. Trump ........................... ᵖᵃʳᵒᵈʸ,335003,252748,1,0,1,0.00044,0,0,0,0,1,0,1,0
78523300,0,,James Woods,2540025,5170,2,0,2,0.000601,0,0,0,0,2,0,2,0
345811633,1,,Stumbler Top,4964785,41,1,2,3,0.000395,1,1,1,0.000001,1,2,3,0
1279851861370077184,1,,Harold,3,18,0,2,2,0.000359,1,1,1,0,0,2,2,0
941304403054727169,0,,alvaro :martial_arts_uniform:,1730436,4856,1,0,1,0.000395,0,0,0,0,1,0,1,0
246500501,0,,Geraldo Rivera,369666,929,1,0,1,0.000682,0,0,0,0,1,0,1,0
247653244,0,,Mufti Menk,6510640,1,5,0,5,0.001267,0,0,0,0,5,0,5,0.05
1111940934,0,,David Plouffe,265523,840,2,0,2,0.00066,0,0,0,0,2,0,2,0
21536398,0,,Gregg Jarrett,729330,111,4,0,4,0.001588,0,0,0,0,4,0,4,0
54885400,0,,U.S. Navy,1449544,1205,1,0,1,0.000644,0,0,0,0,1,0,1,0
91478624,0,,Forbes,16177929,5253,7,0,7,0.001298,0,0,0,0,7,0,7,0
255388236,0,,The Weeknd,12863312,1,2,0,2,0.000802,0,0,0,0,2,0,2,0
16303106,0,,Stephen Colbert,18903185,44,1,0,1,0.00041,0,0,0,0,1,0,1,0
3171712086,0,,Rahul Gandhi,15762008,267,1,0,1,0.00044,0,0,0,0,1,0,1,0
197881715,0,,Nnamdi Chikezie,314,381,0,1,1,0.000359,1,1,1,0,0,1,1,0
22203756,0,,Mike Pence,5063337,44,5,10,15,0.002651,2,0.638889,0.717391,0.000282,5,10,15,0.004762
1539495661,1,,NUMBER ONE NIGERIAN CITIZEN,338,90,0,6,6,0.000359,3,0.529412,0.62963,0,0,6,6,0
2965511647,0,,YS Jagan Mohan Reddy,1760514,10,0,2,2,0.000359,1,1,1,0,0,2,2,0
23765365,0,,BBC News မြန်မာ,91691,8,0,2,2,0.000359,1,1,1,0,0,2,2,0
1292827583416078336,1,,rama,0,18,0,3,3,0.000359,1,1,1,0,0,3,3,0
299456906,1,,USAFmedicVET,2452,2792,1,0,1,0.000514,0,0,0,0,1,0,1,0
30354991,0,,Kamala Harris,5353835,736,8,0,8,0.001749,0,0,0,0,8,0,8,0
1214658897325281280,0,,William Crozer,1016,180,0,3,3,0.000359,1,1,1,0,0,3,3,0
170861207,0,,Kat Timpf,475853,560,1,0,1,0.000467,0,0,0,0,1,0,1,0
1115977467951501313,0,,Camilla Faccini,4,63,0,7,7,0.000359,1,1,1,0,0,7,7,0
1945909922,0,,Caroline Ross,152,292,1,2,3,0.000458,1,1,1,0.000017,1,2,3,0
50115087,0,,Johnson Space Center,1251765,151,1,0,1,0.000467,0,0,0,0,1,0,1,0
127117223,0,,Jesus,401527,274,1,0,1,0.000395,0,0,0,0,1,0,1,0
3995778614,0,,Kambree,353568,1996,2,1,3,0.000836,3,0.4,0.430556,0.000027,2,1,3,0
1960613304,0,,Gary Medel,1717661,104,1,0,1,0.000399,0,0,0,0,1,0,1,0
1295157751841280001,1,,Pretty Pony,0,13,0,6,6,0.000359,5,0.332203,0.377381,0,0,6,6,0.033333
1287626469712121856,0,,Mahendra Vaghela,1,613,0,2,2,0.000359,1,1,1,0,0,2,2,0
306642753,0,,Banglanews24.com,594565,1936,1,1,2,0.000405,1,1,1,0,1,1,2,0
3138637447,0,,Allu Arjun,5052434,1,2,0,2,0.000844,0,0,0,0,2,0,2,0
870825202678157312,0,,Tuê :globe_with_meridians:,626495,97,1,3,4,0.000395,1,1,1,0.000001,1,3,4,0
56774483,0,,SkrillaDaKillaDingo,127,264,1,1,2,0.000395,1,1,1,0,1,1,2,0
18560271,0,,Josh Kaplan,580,708,1,0,1,0.000458,0,0,0,0,1,0,1,0
428377986,0,,OFFSET,3078442,394,5,0,5,0.001054,0,0,0,0,5,0,5,0.1
205392468,0,,Face The Nation,496310,1396,1,2,3,0.000598,1,1,1,0.000027,1,2,3,0
24578794,0,,Anthony Scaramucci,891029,1836,1,0,1,0.000514,0,0,0,0,1,0,1,0
39349894,0,,Eric Trump,3971621,972,5,1,6,0.001379,1,1,1,0.000014,5,1,6,0
48223726,0,,Trump Chicago,122966,3465,3,10,13,0.001095,3,0.62069,0.75,0.000143,3,10,13,0.00641
12550682,1,,Katja Presnal,40461,26213,1,0,1,0.000458,0,0,0,0,1,0,1,0
807095,0,,The New York Times,47191495,905,8,0,8,0.00197,0,0,0,0,8,0,8,0
270109981,1,,Michaela (Ma-Ky-La),188,187,1,0,1,0.000715,0,0,0,0,1,0,1,0
1196816405779361793,0,,WEEDZAO,44040,2,1,1,2,0.000395,1,1,1,0,1,1,2,0.5
2510356369,0,,Bangla Tribune,61820,1066,1,0,1,0.000405,0,0,0,0,1,0,1,0
1297890577040773121,0,,2NYCE,2,172,0,8,8,0.000359,2,0.653846,0.735294,0,0,8,8,0.035714
531615634,1,,Boyacá Sie7e Días,106428,5735,1,0,1,0.000405,0,0,0,0,1,0,1,0
26565946,0,,Justin Timberlake,64311272,305,4,0,4,0.001673,0,0,0,0,4,0,4,0
19725644,0,,Neil deGrasse Tyson,14199792,39,5,0,5,0.001697,0,0,0,0,5,0,5,0
497052651,1,,Charles Echols,96,357,0,4,4,0.000359,2,0.833333,0.9,0,0,4,4,0
14499829,0,,World Health Organization (WHO),8234492,1724,3,0,3,0.001543,0,0,0,0,3,0,3,0
1063519736607268872,0,,Paidafac (Felipe Bandeira),33787,71,1,1,2,0.000395,1,1,1,0,1,1,2,0
523248016,1,,John Solomon,713860,364,2,0,2,0.000548,0,0,0,0,2,0,2,0
45828171,0,,John T. Bennett,8635,1067,1,0,1,0.000628,0,0,0,0,1,0,1,0
22841103,0,,Insomniac Games,815884,27023,2,0,2,0.000507,0,0,0,0,2,0,2,0
25127156,1,,Global Leadership Network,67356,4876,1,0,1,0.000477,0,0,0,0,1,0,1,0
18139497,1,,Right Mothering,266,225,1,2,3,0.000674,5,0.261905,0.321212,0.000011,1,2,3,0
15515169,0,,toddstarnes,139479,14507,1,0,1,0.000674,0,0,0,0,1,0,1,0
21447363,0,,KATY PERRY,108439591,221,6,0,6,0.001302,0,0,0,0,6,0,6,0
34430522,0,,Blake Griffin,4479690,575,1,3,4,0.000399,1,1,1,0.000001,1,3,4,0
273452117,0,,Rene Higuita,707380,595,1,0,1,0.000405,0,0,0,0,1,0,1,0
1108472017144201216,0,,Trump War Room - Text TRUMP to 88022,780157,262,1,1,2,0.000598,1,1,1,0.000008,1,1,2,0
216935219,1,,jimmy lee dickerson,13,64,0,1,1,0.000359,1,1,1,0,0,1,1,0
471741741,0,,PMO India,38225267,486,3,0,3,0.000628,0,0,0,0,3,0,3,0
50393960,0,,Bill Gates,51620281,234,8,0,8,0.001953,0,0,0,0,8,0,8,0
1094649075021107200,1,,মাইশা আক্তার:revolving_hearts:,39399,1736,2,0,2,0.000728,0,0,0,0,2,0,2,0
818928162449068032,0,,The Cabinet,172282,50,2,3,5,0.000949,1,1,1,0.00004,2,3,5,0.1
422201803,0,,Claudio Bravo Muñoz,2071406,1164,2,0,2,0.000723,0,0,0,0,2,0,2,0
29458079,0,,Jeanine Pirro,2214815,481,7,8,15,0.001373,2,0.75,0.833333,0.000134,7,8,15,0.004762
272395158,0,,FOX&friends Weekend,154649,115,1,0,1,0.000514,0,0,0,0,1,0,1,0
1268970789883314180,1,,DianeValentin9,0,89,0,3,3,0.000359,2,0.714286,0.8,0,0,3,3,0
38495835,0,,Mark R. Levin,2412979,6,5,1,6,0.000975,1,1,1,0.000014,5,1,6,0
39344374,0,,Donald Trump Jr.,5490926,1473,5,2,7,0.001222,1,1,1,0.000015,5,2,7,0
18180495,1,,San Pedro Today,2927,363,1,0,1,0.000511,0,0,0,0,1,0,1,0
3420965229,0,,Greg Gianforte,8856,1182,2,0,2,0.001106,0,0,0,0,2,0,2,0
140750163,0,,Juan Mata García,7883097,621,1,0,1,0.000539,0,0,0,0,1,0,1,0
18462058,1,,Tony Lossano,828,1477,1,0,1,0.000458,0,0,0,0,1,0,1,0
722586421622611968,1,,Helenea Dolce,4,209,0,2,2,0.000359,3,0.466667,0.52381,0,0,2,2,0
14982804,0,,Ava DuVernay,2671632,13803,1,0,1,0.000609,0,0,0,0,1,0,1,0
786309892990574592,0,,Steve Schmidt,1041658,1710,1,0,1,0.00049,0,0,0,0,1,0,1,0
19739126,0,,Kevin McCarthy,951081,1397,3,0,3,0.000709,0,0,0,0,3,0,3,0
151123001,0,,Sergio Ramos,17491578,720,3,1,4,0.000543,1,1,1,0.000001,3,1,4,0
40793905,1,,Tania Penn,353,1002,0,1,1,0.000359,5,0.304348,0.321259,0,0,1,1,0
885487044243238912,0,,President of India,10800083,1,3,0,3,0.000801,0,0,0,0,3,0,3,0
788752007246905344,0,,CP KARIMNAGAR,12897,37,0,1,1,0.000359,1,1,1,0,0,1,1,0
15254807,0,,Internazionale,1230027,397,1,0,1,0.000405,0,0,0,0,1,0,1,0
913308968809672705,1,,Anna Paulina Luna,189296,2397,1,0,1,0.00044,0,0,0,0,1,0,1,0
199854295,0,,Dyonna,3305,2571,1,1,2,0.000395,1,1,1,0,1,1,2,0
18228898,0,,John Legend,13617434,1277,2,0,2,0.000983,0,0,0,0,2,0,2,0
112764971,0,,FC Barcelona,15356413,85,1,1,2,0.000405,1,1,1,0,1,1,2,0
1170215895895089153,0,,মারিয়া জাহান,40847,1933,1,0,1,0.000405,0,0,0,0,1,0,1,0
14957318,0,,NBC Chicago,457844,1473,2,1,3,0.000708,1,1,1,0.000011,2,1,3,0
15485441,0,,jimmy fallon,51681749,10023,8,0,8,0.002106,0,0,0,0,8,0,8,0
3309200134,0,,Swati Lakra,122813,331,0,1,1,0.000359,1,1,1,0,0,1,1,0
295833852,0,,Manohar Lal,1786062,387,1,0,1,0.000521,0,0,0,0,1,0,1,0
1270520908592099329,0,,Hemanta Khataniar,1,12,0,6,6,0.000359,5,0.32381,0.366667,0,0,6,6,0.033333
384951307,0,,Match of the Day,2975623,110,2,2,4,0.000726,2,0.75,0.833333,0.000001,2,2,4,0.166667
720293443260456960,0,,The Trump Organization,500330,50,2,3,5,0.000673,2,0.666667,0.75,0.000049,2,3,5,0
173744348,0,,EZEGE 1,1723516,556,1,0,1,0.00044,0,0,0,0,1,0,1,0
90836187,0,,Andrés Iniesta,24827336,107,2,0,2,0.000904,0,0,0,0,2,0,2,0
34927577,0,,CNSNews,121964,1051,1,2,3,0.000674,1,1,1,0.000024,1,2,3,0
30621351,0,,Philip Arnold,139463,127721,1,0,1,0.000477,0,0,0,0,1,0,1,0
23937786,1,,Top 100 Golf Courses,17982,2854,1,1,2,0.000511,1,1,1,0.00001,1,1,2,0
45662364,0,,Drew Parsons,80,388,0,3,3,0.000359,3,0.419355,0.474359,0,0,3,3,0
36218435,0,,Los Angeles Magazine,480453,1049,3,3,6,0.000996,1,1,1,0.000035,3,3,6,0
1274612817820356608,1,,Ivonne,3,60,0,1,1,0.000359,2,0.6,0.666667,0,0,1,1,0
27000730,0,,Tim Pool,621864,772,1,0,1,0.000467,0,0,0,0,1,0,1,0
16882335,1,,Robert_Stark,557,1595,1,0,1,0.000674,0,0,0,0,1,0,1,0
5509762,0,,Sarah Huckabee Sanders,642479,2753,1,0,1,0.000598,0,0,0,0,1,0,1,0
595515713,0,,Valerie Jarrett,191106,488,1,2,3,0.000556,2,0.75,0.833333,0.000014,1,2,3,0
965590040,0,,Kik: GetLiftedWitMe,216,431,1,0,1,0.000395,0,0,0,0,1,0,1,0
25101996,0,,Kimberly Guilfoyle,1779045,2929,5,8,13,0.00175,3,0.684211,0.794872,0.000121,5,8,13,0
16174854,1,,James R. Dickey,10886,1181,1,0,1,0.000662,0,0,0,0,1,0,1,0
1293914509476679681,0,,Steve,1,5,0,2,2,0.000359,5,0.306502,0.328114,0,0,2,2,0
842071545296084992,0,,Katie Miller,30380,246,1,2,3,0.000598,1,1,1,0.000027,1,2,3,0
3431530511,0,,Curtis Jones,200696,1,1,1,2,0.000399,1,1,1,0,1,1,2,0
96948912,0,,Marco Mengoni,1758588,174,1,0,1,0.000405,0,0,0,0,1,0,1,0
145711798,0,,𝙴𝚛𝚒𝚐𝚐𝚊,646773,2448,2,0,2,0.000453,0,0,0,0,2,0,2,0
456095936,0,,USC Men’s Golf,4894,505,1,0,1,0.000511,0,0,0,0,1,0,1,0
51990743,1,,Freedom.,1763,4962,1,1,2,0.000674,3,0.4,0.430556,0.000024,1,1,2,0
28614550,0,,Real Warriors,51043,16429,2,0,2,0.001251,0,0,0,0,2,0,2,0
900528228745478145,0,,Support Felipe Neto ⓢ :Brazil::black_flag:,80763,65,1,0,1,0.000395,0,0,0,0,1,0,1,0
20567939,0,,Meek Mill,10258100,1492,5,0,5,0.001393,0,0,0,0,5,0,5,0
11348282,0,,NASA,39975735,222,12,0,12,0.001763,0,0,0,0,12,0,12,0
1284223303868198914,1,,Felix Santi,17,209,0,1,1,0.000359,5,0.304348,0.321259,0,0,1,1,0
2541363451,0,,"गृहमंत्री कार्यालय, HMO India",5369592,131,1,0,1,0.000521,0,0,0,0,1,0,1,0
779898205,0,,BLACK LIVES MATTER,2436414,1505,2,0,2,0.000472,0,0,0,0,2,0,2,0
145535271,0,,TV9 Telugu,410664,61,0,2,2,0.000359,1,1,1,0,0,2,2,0
857250949110300676,0,,Chamakura Malla Reddy,16192,116,0,2,2,0.000359,2,0.75,0.833333,0,0,2,2,0
2617066206,0,,Dr. Ramesh Pokhriyal Nishank,802587,329,2,0,2,0.001013,0,0,0,0,2,0,2,0
28785486,0,,ABC News,15855056,508,1,0,1,0.00044,0,0,0,0,1,0,1,0
34507480,0,,Ariana Grande,76351421,58352,9,0,9,0.001235,0,0,0,0,9,0,9,0
14980820,0,,NBCWashington,317157,1637,1,1,2,0.000413,1,1,1,0,1,1,2,0
2467791,0,,The Washington Post,16244999,1657,5,0,5,0.001073,0,0,0,0,5,0,5,0
18166778,0,,Rep. Jim Jordan,1589944,4014,6,6,12,0.002099,4,0.34375,0.441919,0.000142,6,6,12,0.009091
16334281,0,,CBS4 Miami,104451,1430,1,0,1,0.000628,0,0,0,0,1,0,1,0
216065430,0,,Stacey Abrams,836278,1731,5,0,5,0.001248,0,0,0,0,5,0,5,0
357606935,0,,Elizabeth Warren,4580618,561,11,0,11,0.002881,0,0,0,0,11,0,11,0
14364779,0,,Callaway Golf,358181,588,2,0,2,0.00091,0,0,0,0,2,0,2,0
259379883,0,,Charlie Sheen,10896179,179,3,0,3,0.000633,0,0,0,0,3,0,3,0
122658025,0,,Rajat Sharma,6412566,17,1,0,1,0.000521,0,0,0,0,1,0,1,0
1346439824,0,,Rajnath Singh,18315591,418,2,1,3,0.000548,1,1,1,0.000001,2,1,3,0
14130366,0,,Sundar Pichai,3156848,351,1,0,1,0.000682,0,0,0,0,1,0,1,0
205938621,0,,Trump Colts Neck,5400,457,1,1,2,0.000561,1,1,1,0.000011,1,1,2,0
35827739,1,,Chicago20Something,2229,3588,1,0,1,0.000458,0,0,0,0,1,0,1,0
3932768472,0,,Emerald Robinson :latin_cross:,218150,12961,1,0,1,0.000556,0,0,0,0,1,0,1,0
890891,0,,Bleacher Report,8984500,674,4,0,4,0.001047,0,0,0,0,4,0,4,0
823638938590085124,0,,Stephanie Grisham,103721,326,1,0,1,0.000711,0,0,0,0,1,0,1,0
46973152,0,,NeNe Leakes,1945790,632,1,0,1,0.001505,0,0,0,0,1,0,1,0
276445663,0,,Vivian Salama,28930,3035,1,0,1,0.000628,0,0,0,0,1,0,1,0
50769180,0,,Laura Ingraham,3657008,349,3,0,3,0.000574,0,0,0,0,3,0,3,0
1754641,1,,NYT Business,811833,446,3,1,4,0.000742,1,1,1,0.000012,3,1,4,0
36065771,0,,Condé Nast Traveller,714679,93,1,0,1,0.000477,0,0,0,0,1,0,1,0
1140041857,1,,"Trump International, Scotland",11409,188,0,1,1,0.000359,5,0.315315,0.352857,0,0,1,1,0
63796828,0,,Twitter Verified,3003096,361940,3,0,3,0.001265,0,0,0,0,3,0,3,0
822215679726100480,0,,President Trump,31161516,39,9,0,9,0.001753,0,0,0,0,9,0,9,0.013889
1297740366318313472,0,,QuakuPromise,14,182,0,4,4,0.000359,1,1,1,0,0,4,4,0
19583545,0,,Liverpool FC,15168368,369648,3,0,3,0.000943,0,0,0,0,3,0,3,0
49698134,0,,Joy Reid,1814910,6366,2,0,2,0.001354,0,0,0,0,2,0,2,0
13850422,0,,CNN Politics,3676419,343,3,0,3,0.001304,0,0,0,0,3,0,3,0
16331010,0,,TMZ,5532888,913,3,1,4,0.001274,1,1,1,0.000013,3,1,4,0
3004231,0,,Snoop Dogg,18817954,2648,5,0,5,0.002113,0,0,0,0,5,0,5,0
612473,0,,BBC News (UK),11208277,101,4,0,4,0.001275,0,0,0,0,4,0,4,0
19956026,0,,Elvis Duran,316476,1384,1,1,2,0.000514,1,1,1,0.000011,1,1,2,0
69079291,1,,On Pap Time,97,145,0,1,1,0.000359,1,1,1,0,0,1,1,0
2558684335,0,,Telangana CMO,982737,27,0,2,2,0.000359,1,1,1,0,0,2,2,0
101532373,0,,Lorenzo Jovanotti,3796076,1140,1,0,1,0.000405,0,0,0,0,1,0,1,0
1118981037944500224,1,,tusharkhan45645 #Digital Marketer,110,636,0,1,1,0.000359,1,1,1,0,0,1,1,0
14839147,0,,:United_States: ERIC BOLLING :United_States:,1181035,972,2,0,2,0.000601,0,0,0,0,2,0,2,0
2375182790,0,,TRS Party,508812,62,0,1,1,0.000359,1,1,1,0,0,1,1,0
835833765033291777,0,,Mason Greenwood,583599,90,1,2,3,0.000399,1,1,1,0.000001,1,2,3,0
104040220,0,,HOT GIRL MEG,3834342,568,2,0,2,0.00048,0,0,0,0,2,0,2,0
51241574,0,,The Associated Press,14386576,6993,9,0,9,0.001665,0,0,0,0,9,0,9,0
84457849,1,,Drudge Buzz,93692,1,0,1,1,0.000359,1,1,1,0,0,1,1,0
729676086632656900,0,,Team Trump (Text TRUMP to 88022),2118895,127,2,0,2,0.000759,0,0,0,0,2,0,2,0
322293052,0,,Roma Downey,278568,2670,2,7,9,0.000916,2,0.769231,0.85,0.000096,2,7,9,0.013889
39364684,0,,chrissy teigen,13179439,4723,7,0,7,0.001974,0,0,0,0,7,0,7,0
988573326376427520,0,,Secretary Pompeo,2339309,50,2,0,2,0.000709,0,0,0,0,2,0,2,0
2935489123,0,,Peter J. Hasson,66306,3410,1,0,1,0.000556,0,0,0,0,1,0,1,0
250037542,1,,Faith,118734,23,1,0,1,0.000521,0,0,0,0,1,0,1,0
135421739,0,,Sachin Tendulkar,33559260,80,4,0,4,0.000935,0,0,0,0,4,0,4,0
1092088353439264769,0,,Ludmila,2,43,0,9,9,0.000359,2,0.764706,0.846154,0,0,9,9,0.013889
16664681,0,,Los Angeles Times,3663294,6964,3,0,3,0.001155,0,0,0,0,3,0,3,0
72631996,0,,IRS #COVIDreliefIRS,205975,150,2,0,2,0.001008,0,0,0,0,2,0,2,0
145879277,1,,He Sips / She Sips,404,375,1,0,1,0.000458,0,0,0,0,1,0,1,0
71201743,0,,Virat Kohli,37379458,62,1,0,1,0.000424,0,0,0,0,1,0,1,0
588200416,0,,Maria Elena Boschi,642033,154,1,0,1,0.000405,0,0,0,0,1,0,1,0
22938914,0,,Steve Wozniak,626532,92,1,0,1,0.0016,0,0,0,0,1,0,1,0
1216971385777664005,0,,Cerol,240198,36,2,0,2,0.00075,0,0,0,0,2,0,2,0.5
309052808,1,,Sandeep Agrawal,11,113,0,1,1,0.000359,1,1,1,0,0,1,1,0
26270971,0,,Lena Waithe,223769,3306,1,0,1,0.000682,0,0,0,0,1,0,1,0
245963716,0,,Tiffany Ariana Trump,738550,156,3,0,3,0.001153,0,0,0,0,3,0,3,0
18839785,0,,Narendra Modi,61446306,2352,3,0,3,0.000918,0,0,0,0,3,0,3,0
44196397,0,,Elon Musk,38215373,97,15,0,15,0.002091,0,0,0,0,15,0,15,0.009524
1297256029973954560,0,,°•কাঠ-গোলাপ•°,87,254,0,1,1,0.000359,1,1,1,0,0,1,1,0
93070840,1,,Kaylie Newell,11133,849,1,1,2,0.000395,1,1,1,0,1,1,2,0
1289004691079274496,1,,njhb55@icloud.com,3,183,0,2,2,0.000359,5,0.308176,0.330612,0,0,2,2,0
25676606,0,,Adnkronos,485705,135,1,0,1,0.000405,0,0,0,0,1,0,1,0
14673907,1,,EZLinks Golf,1092,347,1,0,1,0.000511,0,0,0,0,1,0,1,0
1072996442,1,,Ashton Jernigan,69,337,0,1,1,0.000359,2,0.666667,0.75,0,0,1,1,0
19230601,0,,Sky Sports,5508829,518,2,0,2,0.001045,0,0,0,0,2,0,2,0
23603092,0,,Entertainment Tonight,1587720,313528,2,0,2,0.000911,0,0,0,0,2,0,2,0
37011822,1,,FRANK PR,2958,1358,1,0,1,0.000477,0,0,0,0,1,0,1,0
471352249,1,,Catholic Ways,9659,5484,1,0,1,0.000477,0,0,0,0,1,0,1,0
1251920160342056962,1,,chad,4,317,0,5,5,0.000359,1,1,1,0,0,5,5,0
33792634,0,,Andrew Ross Sorkin,836369,2853,1,0,1,0.001027,0,0,0,0,1,0,1,0
1296445798650126341,1,,Big Red Wave 2020,1,93,0,1,1,0.000359,1,1,1,0,0,1,1,0
1042463396128583681,0,,Coronel Hernán Mejía,21151,32,1,0,1,0.000405,0,0,0,0,1,0,1,0
970207298,0,,Elizabeth Warren,6134508,492,9,0,9,0.001939,0,0,0,0,9,0,9,0
1297012590875312129,1,,MountainMan2020,15,254,0,3,3,0.000359,1,1,1,0,0,3,3,0
1297887174176788481,0,,William Pacheco,4,54,0,7,7,0.000359,5,0.320122,0.364127,0,0,7,7,0
5392522,0,,NPR,8343623,69704,5,0,5,0.001792,0,0,0,0,5,0,5,0
47786101,0,,Robert Downey Jr,15203038,64,2,0,2,0.000557,0,0,0,0,2,0,2,0
1297354304798375936,1,,tom,3,44,0,4,4,0.000359,5,0.3125,0.344,0,0,4,4,0
26487169,0,,Lou Dobbs,2204318,2087,2,0,2,0.000494,0,0,0,0,2,0,2,0
240802366,0,,Freemason,86188,67454,1,0,1,0.000662,0,0,0,0,1,0,1,0
50826280,0,,Queen Latifah,7994416,741,1,0,1,0.000477,0,0,0,0,1,0,1,0
7744592,0,,TODAY,4251459,7988,3,0,3,0.001471,0,0,0,0,3,0,3,0
42389136,0,,Reverend Al Sharpton,648154,256,1,2,3,0.000556,1,1,1,0.000022,1,2,3,0
1187679030582972417,0,,Rezaul karim,7,77,0,7,7,0.000359,5,0.319277,0.36305,0,0,7,7,0
3045608319,0,,LOUD Bruno PH,412557,218,1,0,1,0.000395,0,0,0,0,1,0,1,0
742143,0,,BBC News (World),28803429,71,5,0,5,0.001221,0,0,0,0,5,0,5,0
818876014390603776,0,,Melania Trump,14898924,8,8,0,8,0.002711,0,0,0,0,8,0,8,0.017857
1194614117543243777,0,,তামান্না রহমান,16151,90,1,1,2,0.000405,1,1,1,0,1,1,2,0
108568373,0,,Sky Sports News,7929769,72,2,0,2,0.001142,0,0,0,0,2,0,2,0
2326857668,0,,UEFA,1250538,1051,1,0,1,0.000686,0,0,0,0,1,0,1,0
247723476,0,,MATT DRUDGE,568208,0,1,0,1,0.000682,0,0,0,0,1,0,1,0
1373054690,1,,Christine,0,84,0,4,4,0.000359,1,1,1,0,0,4,4,0
877807935493033984,0,,Binance,1235272,344,2,0,2,0.000781,0,0,0,0,2,0,2,0
1283358278076882944,1,,wAc,0,212,0,3,3,0.000359,1,1,1,0,0,3,3,0
23783692,0,,Columbus Blue Jackets,491929,1632,1,0,1,0.000682,0,0,0,0,1,0,1,0
172414996,0,,Anna Kooiman,151140,2038,1,0,1,0.000682,0,0,0,0,1,0,1,0
1279617214459469824,0,,Taryn Lilly,4,31,0,4,4,0.000359,4,0.473684,0.560185,0,0,4,4,0
125441553,1,,Chy'City.tattoos,395,0,1,0,1,0.000395,0,0,0,0,1,0,1,0
15811181,0,,Amoeba Music,245413,6160,1,0,1,0.000658,0,0,0,0,1,0,1,0
325830217,0,,VP Biden (Archived),2508430,132,2,0,2,0.001017,0,0,0,0,2,0,2,0
158487331,0,,Neymar Jr,48717619,737,8,0,8,0.002232,0,0,0,0,8,0,8,0
1330457336,0,,Bill Clinton,12180989,35,5,0,5,0.001264,0,0,0,0,5,0,5,0
823083,1,,Miguel de Icaza,73361,3189,1,0,1,0.000498,0,0,0,0,1,0,1,0
33041426,0,,dax shepard,1164117,625,2,7,9,0.000775,2,0.818182,0.888889,0.000028,2,7,9,0
50374439,0,,Tom Hanks,16703277,25,4,0,4,0.001389,0,0,0,0,4,0,4,0
18948923,1,,NashvilleBizJournal,63467,2416,1,0,1,0.000431,0,0,0,0,1,0,1,0
166739404,0,,Emma Watson,29210785,397,2,0,2,0.000872,0,0,0,0,2,0,2,0
14573900,0,,Manchester City,8244705,52076,4,0,4,0.001194,0,0,0,0,4,0,4,0
138372303,0,,FIFA World Cup,7744726,553,4,0,4,0.001305,0,0,0,0,4,0,4,0
22756947,1,,Women in Technology,172391,22410,1,0,1,0.000428,0,0,0,0,1,0,1,0
1964571728,0,,Karim Benzema,11366008,68,1,0,1,0.000413,0,0,0,0,1,0,1,0
936367565437157376,0,,Amazon.com.au,3670,9,2,8,10,0.000614,4,0.344051,0.387072,0.000051,2,8,10,0
38164846,0,,Paris Saint-Germain,8049872,137,0,3,3,0.000359,1,1,1,0,0,3,3,0
25460615,0,,norman reedus,3860000,9689,1,0,1,0.00041,0,0,0,0,1,0,1,0
309366491,0,,Twitch,6918855,686,1,0,1,0.000435,0,0,0,0,1,0,1,0
39275966,0,,Robert Herjavec,813859,166,3,0,3,0.000736,0,0,0,0,3,0,3,0
2421079436,0,,Fire TV :television:,52015,450,1,8,9,0.000452,1,1,1,0.000022,1,8,9,0
17919972,0,,Taylor Swift,87031814,0,5,0,5,0.002036,0,0,0,0,5,0,5,0
1292335003758559234,1,,Dashrath Das Mahant,0,19,0,5,5,0.000359,4,0.350318,0.381061,0,0,5,5,0.05
17471979,0,,National Geographic,24343849,147,4,0,4,0.00182,0,0,0,0,4,0,4,0
1150409755342573569,0,,nairamarley,1803593,13,2,0,2,0.000873,0,0,0,0,2,0,2,0
1900999764,0,,Audible.com.au,2839,410,1,0,1,0.000428,0,0,0,0,1,0,1,0
1618884925,1,,sol :crystal_ball:,237,226,1,0,1,0.000459,0,0,0,0,1,0,1,0
310111388,1,,Ali alale,240,5002,0,2,2,0.000359,1,1,1,0,0,2,2,0
863808288789590017,1,,SKHANDA GAWD RADEBE,174,893,0,1,1,0.000359,1,1,1,0,0,1,1,0
68034431,0,,Recep Tayyip Erdoğan,16593800,96,4,2,6,0.002097,1,1,1,0.000004,4,2,6,0.1
1275874445601595392,0,,Rakibulla Mondal,1,49,0,2,2,0.000359,5,0.259524,0.282722,0,0,2,2,0
1314883734,0,,Brian Baker,18134,260,1,0,1,0.00041,0,0,0,0,1,0,1,0
2363965196,1,,Abhijeet Singh,16,11,0,3,3,0.000359,2,0.578947,0.636364,0,0,3,3,0
138203134,0,,Alexandria Ocasio-Cortez,8425236,2706,6,0,6,0.001547,0,0,0,0,6,0,6,0
278146795,0,,ōlloclip,20936,170,1,0,1,0.00042,0,0,0,0,1,0,1,0
3855911,1,,Rodney Rumford,7722,7980,1,1,2,0.000451,1,1,1,0.000003,1,1,2,0
807220518,1,,Evan Prokop,1202,637,1,0,1,0.000498,0,0,0,0,1,0,1,0
428333,0,,CNN Breaking News,58517473,119,4,0,4,0.001405,0,0,0,0,4,0,4,0
6708952,0,,Steve Case,736149,5889,1,1,2,0.00041,1,1,1,0.000003,1,1,2,0
1133445477536542720,1,,Kartik Tyagi,12,119,0,3,3,0.000359,1,1,1,0,0,3,3,0
1603882129,0,,Oscar,17448,1356,1,0,1,0.000498,0,0,0,0,1,0,1,0
111141045,0,,Brad Woodhouse,27219,1908,1,0,1,0.00041,0,0,0,0,1,0,1,0
3298340918,0,,Amazon.ca,15011,175,3,8,11,0.000678,2,0.681818,0.766667,0.000044,3,8,11,0.009091
24828946,1,,Dan Wilson,33,115,0,2,2,0.000359,1,1,1,0,0,2,2,0
595689564,1,,AWS UK & Ireland,33978,42,1,0,1,0.000498,0,0,0,0,1,0,1,0
14740219,0,,Amazon Music,1874282,3297,2,0,2,0.000536,0,0,0,0,2,0,2,0
316033903,1,,Bukowski Quotes,4887,1670,1,0,1,0.000459,0,0,0,0,1,0,1,0
20015311,0,,Ricky Gervais,14476502,1456,2,0,2,0.001061,0,0,0,0,2,0,2,0
325652151,1,,Bloomberg Hyperdrive,13806,216,1,0,1,0.000424,0,0,0,0,1,0,1,0
15241557,0,,Reed Hastings,69523,134,2,0,2,0.000888,0,0,0,0,2,0,2,0
2793952751,0,,Yılmaz ÖZDİL,1675043,2,1,1,2,0.000399,1,1,1,0,1,1,2,0.5
44282068,1,,Beach Camera,3635,4758,1,0,1,0.00042,0,0,0,0,1,0,1,0
1242819338886877184,0,,Abbie Lynn,16,23,0,1,1,0.000359,3,0.47619,0.516667,0,0,1,1,0
49305802,1,,Eaur Beauty,393,697,1,1,2,0.00042,1,1,1,0.000003,1,1,2,0
2244994945,0,,Twitter Dev,510565,2024,1,0,1,0.001047,0,0,0,0,1,0,1,0
2161606332,1,,AWS Amplify,14720,13,1,1,2,0.000498,2,0.538462,0.571429,0,1,1,2,0
41931916,0,,soL Haber,736355,12,2,1,3,0.000764,1,1,1,0.000001,2,1,3,0
980573135220113408,0,,Vitaliy Zarubin,2,21,0,1,1,0.000359,1,1,1,0,0,1,1,0
15670515,0,,Windows,6293623,1714,1,0,1,0.000555,0,0,0,0,1,0,1,0
28406270,0,,Kumail Nanjiani,3118233,3210,4,0,4,0.000992,0,0,0,0,4,0,4,0
3065618342,0,,Discord,2260126,1054,1,0,1,0.000521,0,0,0,0,1,0,1,0
148343494,0,,James Jones,2902,1533,1,0,1,0.000424,0,0,0,0,1,0,1,0
1406619086,0,,Cardiff Brothers,1344838,1086276,1,0,1,0.000521,0,0,0,0,1,0,1,0
185142711,0,,BCCI,12277648,75,1,0,1,0.000467,0,0,0,0,1,0,1,0
1268871758347558912,1,,AK,0,6,0,2,2,0.000359,4,0.340694,0.361883,0,0,2,2,0.5
15506669,0,,Jeff Bezos,1647359,1,4,0,4,0.000719,0,0,0,0,4,0,4,0
768088519088668672,1,,Sium Weldemicael,43,114,0,2,2,0.000359,5,0.306502,0.328114,0,0,2,2,0
12,0,,jack,4773376,4513,4,0,4,0.001113,0,0,0,0,4,0,4,0
460703687,1,,Serengetee,21561,111,1,0,1,0.00042,0,0,0,0,1,0,1,0
49954421,1,,Cool Buckles,589,1565,1,0,1,0.000435,0,0,0,0,1,0,1,0
2714290906,1,,nuria paris,5,30,0,2,2,0.000359,6,0.221766,0.26142,0,0,2,2,0
10441,1,,Phil Gerbyshak,19446,14101,1,0,1,0.000424,0,0,0,0,1,0,1,0
5768872,0,,Gary Vaynerchuk,2190640,12218,4,0,4,0.000825,0,0,0,0,4,0,4,0
218078497,0,,Sözcü,2512185,30,2,0,2,0.000759,0,0,0,0,2,0,2,0.5
1026111586652631041,1,,RADINGATE_G,25,110,0,1,1,0.000359,1,1,1,0,0,1,1,0
2558843462,1,,Nahid Ahmad,6973,7482,1,0,1,0.000451,0,0,0,0,1,0,1,0
51263592,0,,Adam Schefter,7874527,3221,1,0,1,0.000521,0,0,0,0,1,0,1,0
19084896,0,,Rick Wilson,1180698,6148,1,0,1,0.000424,0,0,0,0,1,0,1,0
31348594,0,,Akshay Kumar,38441235,26,3,0,3,0.000666,0,0,0,0,3,0,3,0
346878074,0,,The Bachelor,966193,513,1,0,1,0.00041,0,0,0,0,1,0,1,0
1248672392639119360,0,,kenan,5,30,0,8,8,0.000359,2,0.785714,0.863636,0,0,8,8,0.071429
2896946410,1,,Ryan,16,98,0,3,3,0.000359,1,1,1,0,0,3,3,0
627673190,0,,"#UCLfinal",30042227,535,4,0,4,0.000803,0,0,0,0,4,0,4,0
933737516,0,,Anker,103187,492,2,2,4,0.000814,1,1,1,0.000008,2,2,4,0
2577476334,0,,Jay Carney,45168,1223,1,8,9,0.000452,2,0.9,0.944444,0.000025,1,8,9,0
29873662,0,,Marques Brownlee,4150796,377,2,0,2,0.001078,0,0,0,0,2,0,2,0
15808765,0,,Cory Booker,4587353,90817,2,0,2,0.000504,0,0,0,0,2,0,2,0
1247630011043061764,0,,Nathalie Huijbers,156,44,1,0,1,0.000921,0,0,0,0,1,0,1,0
29734071,1,,Onextrapixel,51037,368,0,2,2,0.000359,1,1,1,0,0,2,2,0
29840295,0,,Jessica Simpson,6431805,293,1,0,1,0.000682,0,0,0,0,1,0,1,0
185397039,1,,A$AP Pounded Yams :Nigeria::St._Vincent_&_Grenadines::Canada::Lesotho:,119,524,1,0,1,0.000431,0,0,0,0,1,0,1,0
21001534,0,,Audible,264846,778,1,0,1,0.000428,0,0,0,0,1,0,1,0
702207062,1,,Ryan Schmidt,126,221,1,1,2,0.000431,1,1,1,0.000004,1,1,2,0
572373159,1,,Tech Armor,7319,678,1,2,3,0.000435,1,1,1,0.000007,1,2,3,0
62614267,0,,Treasure Truck,17909,40,1,2,3,0.00042,3,0.466667,0.52381,0.000007,1,2,3,0
13298072,0,,Tesla,6079493,74,6,0,6,0.001032,0,0,0,0,6,0,6,0
70363441,0,,Mustafa Varank,643243,974,1,0,1,0.001303,0,0,0,0,1,0,1,0
12447792,0,,Splunk,67947,2745,1,0,1,0.000498,0,0,0,0,1,0,1,0
550202880,0,,Raphaël Varane,6012438,104,2,0,2,0.000557,0,0,0,0,2,0,2,0
1297608510599987210,1,,WetOmeletteThreat,1,92,0,2,2,0.000359,1,1,1,0,0,2,2,0
17475575,0,,Best Buy,926175,85,1,0,1,0.00041,0,0,0,0,1,0,1,0
556130277,0,,T.C. Sağlık Bakanlığı,1814588,16,1,1,2,0.000399,2,0.6,0.666667,0,1,1,2,0.5
1261273216686813184,1,,Pragna Balaji Rao,7,47,0,3,3,0.000359,2,0.666667,0.75,0,0,3,3,0
301309392,0,,eNCA,2434531,859,3,0,3,0.001046,0,0,0,0,3,0,3,0
1278399152590737409,0,,All In: The Fight For Democracy,355,53,1,2,3,0.000431,1,1,1,0.000005,1,2,3,0
5988062,0,,The Economist,24951178,129,3,0,3,0.00087,0,0,0,0,3,0,3,0
21925400,1,,Kathleen Murphy,1215,1080,1,1,2,0.000431,1,1,1,0.000004,1,1,2,0
219248343,0,,TRT HABER,3502900,4,1,1,2,0.000399,2,0.6,0.666667,0,1,1,2,0.5
214620546,0,,Fox Small Business,59885,213,1,0,1,0.000424,0,0,0,0,1,0,1,0
1636590253,0,,Tim Cook,12059386,69,1,0,1,0.000467,0,0,0,0,1,0,1,0
155878576,1,,droidcon London,5145,1056,1,0,1,0.000451,0,0,0,0,1,0,1,0
447062632,1,,leon,37,1177,0,5,5,0.000359,1,1,1,0,0,5,5,0
17602896,0,,IMDb,4510184,1180,2,0,2,0.000511,0,0,0,0,2,0,2,0
279400382,1,,The Bella Bambino,411,1015,1,1,2,0.000424,4,0.32622,0.340343,0.000087,1,1,2,0.5
234051381,0,,Amazon Developers,42138,961,2,6,8,0.000614,2,0.875,0.928571,0.000019,2,6,8,0
40519997,0,,Chad Johnson,3319930,7228,2,0,2,0.000717,0,0,0,0,2,0,2,0
283080153,0,,Nihat Zeybekci :Turkey:,536713,888,1,0,1,0.001303,0,0,0,0,1,0,1,0
500704345,0,,Pope Francis,18761978,8,2,0,2,0.000499,0,0,0,0,2,0,2,0
36686040,0,,Maxine Waters,1456409,691,1,0,1,0.000682,0,0,0,0,1,0,1,0
198975780,0,,Jordan,4073985,140,1,0,1,0.000467,0,0,0,0,1,0,1,0
2835606110,1,,Amazon Video Shorts,768,67,0,1,1,0.000359,2,0.666667,0.75,0,0,1,1,0
2879463024,1,,Jason Mirah,106,1087,0,1,1,0.000359,1,1,1,0,0,1,1,0
2893511188,0,,Ryan Reynolds,16406072,945,3,0,3,0.000902,0,0,0,0,3,0,3,0
17220817,0,,Prime Video,1707175,678,3,0,3,0.001111,0,0,0,0,3,0,3,0
29501253,0,,Adam Schiff,2447049,777,2,0,2,0.000521,0,0,0,0,2,0,2,0
564000560,0,,Denise Landis,1247493,643637,1,0,1,0.000682,0,0,0,0,1,0,1,0
1246391614546853900,1,,Danny Blizz,45,112,0,2,2,0.000359,1,1,1,0,0,2,2,0
816653,0,,TechCrunch,10115642,959,4,0,4,0.001056,0,0,0,0,4,0,4,0
630788634,0,,Shannon Blockton,817,4342,1,2,3,0.000435,1,1,1,0.000005,1,2,3,0
15754281,0,,USA TODAY,4126024,790,2,0,2,0.001045,0,0,0,0,2,0,2,0
102141753,1,,Amazon Marketplace,8086,89,3,10,13,0.000722,5,0.265509,0.323364,0.000084,3,10,13,0.00641
147441627,0,,Maryhathor Mora,670,365,0,1,1,0.000359,1,1,1,0,0,1,1,0
2838456199,0,,Krishan Paramesvaran,43,160,0,3,3,0.000359,6,0.214425,0.250152,0,0,3,3,0
18785482,1,,jgall,60,101,1,0,1,0.00041,0,0,0,0,1,0,1,0
74319127,1,,Adah,197,483,1,0,1,0.000431,0,0,0,0,1,0,1,0
1106579662136901633,0,,Nader Gamal,12,263,0,3,3,0.000359,2,0.8,0.875,0,0,3,3,0
295674527,0,,İlber Ortaylı,3148562,4,1,0,1,0.000399,0,0,0,0,1,0,1,0
512613427,0,,Russell Wilson,5500158,69,3,0,3,0.001238,0,0,0,0,3,0,3,0
18200480,1,,Secondipity,568,560,1,0,1,0.000435,0,0,0,0,1,0,1,0
14222536,0,,tyler oakley,5738877,806,1,0,1,0.00041,0,0,0,0,1,0,1,0
14392222,1,,Matt Perrin,1160,1155,1,0,1,0.000451,0,0,0,0,1,0,1,0
248917209,0,,Henry Winkler,751576,691,1,0,1,0.000459,0,0,0,0,1,0,1,0
25613925,0,,Samin Nosrat,96799,1930,1,1,2,0.000459,1,1,1,0.000003,1,1,2,0
16072058,0,,Mike Memoli,56153,1989,1,0,1,0.00041,0,0,0,0,1,0,1,0
383725805,1,,Pınar  Yaycıoğlu,95,2544,0,1,1,0.000359,1,1,1,0,0,1,1,0
350118701,0,,Eric Abidal,602141,290,1,0,1,0.000399,0,0,0,0,1,0,1,0
15327565,1,,InTheSharkTank.com,87134,10035,1,0,1,0.00042,0,0,0,0,1,0,1,0
180505807,0,,Instagram,35184249,165,3,2,5,0.001248,1,1,1,0.000007,3,2,5,0
85741735,0,,Amazon Help,323214,70,2,1,3,0.000536,1,1,1,0.000002,2,1,3,0
1224641811072765952,0,,Rajiv Rathore,0,27,0,2,2,0.000359,2,0.666667,0.75,0,0,2,2,0
35206553,0,,Megan Amram,1151418,4155,1,0,1,0.000459,0,0,0,0,1,0,1,0
19795597,0,,AmazonAssociates,45147,33,1,5,6,0.00042,2,0.631579,0.708333,0.000006,1,5,6,0
11856892,0,,Meet the Press,639126,420,2,0,2,0.000747,0,0,0,0,2,0,2,0
983804207827472385,0,,Myende,988,2469,0,1,1,0.000359,1,1,1,0,0,1,1,0
2425151,0,,Facebook,13368883,724,2,0,2,0.000601,0,0,0,0,2,0,2,0
231726733,1,,Cosmo Harrigan,689,694,1,0,1,0.000424,0,0,0,0,1,0,1,0
818503099,0,,Amazon Fashion,27463,27,2,1,3,0.000751,1,1,1,0.000003,2,1,3,0
517077573,0,,Markiplier,12636702,338,1,0,1,0.000467,0,0,0,0,1,0,1,0
2097571,0,,CNN International,11114193,369,3,0,3,0.000749,0,0,0,0,3,0,3,0
53925101,0,,Social Media Examiner #YMS20,519146,2805,1,0,1,0.000424,0,0,0,0,1,0,1,0
20793816,0,,Amazon,3361014,50,4,10,14,0.001036,3,0.479821,0.517134,0.000234,4,10,14,0.019231
54951973,0,,Mary J. Blige,6057143,323,2,0,2,0.000585,0,0,0,0,2,0,2,0
818902172347678720,0,,Amazon News,145544,844,2,8,10,0.000641,2,0.75,0.833333,0.000038,2,8,10,0
378221899,1,,The Build Network,4492,3026,1,0,1,0.000424,0,0,0,0,1,0,1,0
19923144,0,,NBA,31066771,1749,5,0,5,0.001267,0,0,0,0,5,0,5,0
269865906,1,,Disability:IN,9737,4889,1,0,1,0.000431,0,0,0,0,1,0,1,0
15276225,0,,Lennon Parham,43495,4727,1,1,2,0.000459,1,1,1,0.000003,1,1,2,0
66780587,0,,Amazon Web Services,1842386,859,4,7,11,0.001084,1,1,1,0.000028,4,7,11,0
344801362,0,,David Luiz,8808105,199,2,0,2,0.000525,0,0,0,0,2,0,2,0
24223641,0,,Michael Pollan,559130,666,1,0,1,0.000741,0,0,0,0,1,0,1,0
18948541,0,,Seth MacFarlane,14003960,479,3,0,3,0.001525,0,0,0,0,3,0,3,0
19566104,1,,Jane Hadley,242,1153,0,1,1,0.000359,1,1,1,0,0,1,1,0
2936714848,0,,Muhammadu Buhari,3368153,26,1,0,1,0.000521,0,0,0,0,1,0,1,0
18771370,0,,ErikWemple,59534,1707,1,0,1,0.00041,0,0,0,0,1,0,1,0
79714650,0,,mark mcnairy,8855,127,1,0,1,0.00042,0,0,0,0,1,0,1,0
15227791,0,,William Shatner,2550089,602,1,1,2,0.000435,1,1,1,0.000003,1,1,2,0
769869708359237632,0,,T.C. Millî Savunma Bakanlığı,1568957,15,3,1,4,0.001087,2,0.6,0.666667,0.000003,3,1,4,0.083333
291428614,0,,Liza Koshy,2916609,905,1,0,1,0.000682,0,0,0,0,1,0,1,0
29307276,0,,Kenny Smith,1093173,663,1,0,1,0.00043,0,0,0,0,1,0,1,0
18222378,0,,50cent,12178172,12,1,0,1,0.000535,0,0,0,0,1,0,1,0
996282520542072832,1,,KINGJAE,13,371,0,2,2,0.000359,1,1,1,0,0,2,2,0
255176423,1,,T.R.E.,2385,451,1,0,1,0.00043,0,0,0,0,1,0,1,0
1003751744822759425,1,,Lilcecetho,5,21,1,2,3,0.000478,2,0.571429,0.625,0,1,2,3,0.5
754860209877688320,0,,Noah Schnapp,878739,846,2,0,2,0.000723,0,0,0,0,2,0,2,0
326031474,1,,Crown Camp :crown:,677,1955,0,1,1,0.000359,1,1,1,0,0,1,1,0
1441928208,0,,Brandy Bachman,651,329,1,0,1,0.000499,0,0,0,0,1,0,1,0
147787042,0,,THE LOVE KING,162412,107309,1,0,1,0.000486,0,0,0,0,1,0,1,0
12266442,0,,"Janelle Monáe, Cindi Mayweather:alien::train::robot::rocket::ringed_planet:",1265177,612,1,1,2,0.000405,1,1,1,0,1,1,2,0
214201922,0,,Ninja,6315278,1370,2,1,3,0.000638,1,1,1,0.000001,2,1,3,0
2422665828,0,,NBA Draft,263953,458,1,0,1,0.000576,0,0,0,0,1,0,1,0
1296022190622679040,0,,Lekuso21st,0,91,0,8,8,0.000359,2,0.722222,0.807692,0,0,8,8,0
819543872883884032,0,,dixie,2889993,616,1,0,1,0.000521,0,0,0,0,1,0,1,0
226944459,0,,"#OriginalCopy :cupcake:",2193233,232,2,0,2,0.001171,0,0,0,0,2,0,2,0
1216721118368878592,1,,Shamiela,4,72,0,2,2,0.000359,1,1,1,0,0,2,2,0
18222599,0,,Lloydbanks,1117012,4332,1,0,1,0.000682,0,0,0,0,1,0,1,0
17899109,0,,Gates Foundation,2100207,936,1,0,1,0.000481,0,0,0,0,1,0,1,0
19955482,0,,Z100 New York,382004,861,1,1,2,0.000486,1,1,1,0.000001,1,1,2,0
353345238,1,,EPIK1,1475,2898,1,0,1,0.000478,0,0,0,0,1,0,1,0
1031715696286281730,1,,HAZLEYEZ :peacock:,1211,1241,1,0,1,0.000478,0,0,0,0,1,0,1,0
818283514068017152,0,,Sofia,10886,89,0,2,2,0.000359,1,1,1,0,0,2,2,0
1178259705984094209,1,,Tiffany:sun:,26,73,1,3,4,0.000467,1,1,1,0.000001,1,3,4,0
857619919,0,,:honey_pot: Honey-B-Sweet :honey_pot:,145510,49340,1,0,1,0.00043,0,0,0,0,1,0,1,0
1063034450,0,,Ben Simmons,961800,214,1,0,1,0.000933,0,0,0,0,1,0,1,0
35936474,0,,Kevin Durant,18306308,1462,1,0,1,0.000405,0,0,0,0,1,0,1,0
1273053994986934273,0,,danny poor,3,17,0,4,4,0.000359,3,0.636364,0.761905,0,0,4,4,0
4140881832,0,,DrLupo,1791262,1005,2,0,2,0.001076,0,0,0,0,2,0,2,0
26703925,1,,Miiiaaa BaBiiii,1530,318,1,1,2,0.000486,1,1,1,0.000001,1,1,2,0
320529874,0,,Slim Albaher,113759,706,1,0,1,0.000682,0,0,0,0,1,0,1,0
2163885564,0,,Myth,2277111,468,1,1,2,0.000399,1,1,1,0,1,1,2,0
42519612,0,,Floyd Mayweather,7864427,512,4,2,6,0.001046,1,1,1,0.000004,4,2,6,0
2842841126,0,,Trae Young,717136,90,1,0,1,0.00044,0,0,0,0,1,0,1,0
2339333214,0,,Jadon Sancho,435856,51,2,0,2,0.001257,0,0,0,0,2,0,2,0
1059194370,0,,Kobe Bryant,15393249,520,2,0,2,0.000819,0,0,0,0,2,0,2,0
2557521,0,,ESPN,35743244,322,3,0,3,0.000682,0,0,0,0,3,0,3,0
152590667,1,,PUPPS - At it again out 10th,1967,2062,1,0,1,0.000405,0,0,0,0,1,0,1,0
475352813,1,,Gerard kelly,102,372,1,7,8,0.000453,2,0.666667,0.75,0.000003,1,7,8,0
112047805,0,,Brit Hume,1248391,802,1,0,1,0.000682,0,0,0,0,1,0,1,0
38532460,0,,DeRAY DAVIS: HOOD HERO,832304,5043,1,0,1,0.000467,0,0,0,0,1,0,1,0
811350,0,,Alexis Ohanian Sr. :rocket:,340137,5233,1,0,1,0.000682,0,0,0,0,1,0,1,0
1156866230,0,,PRADA,1225143,5,1,0,1,0.000399,0,0,0,0,1,0,1,0
429247237,0,,Kyle Walker,1531240,325,1,0,1,0.000682,0,0,0,0,1,0,1,0
1251557758413017089,1,,Meg,3,9,0,3,3,0.000359,2,0.666667,0.75,0,0,3,3,0
27638671,1,,Mindy Dawson,356,434,1,0,1,0.000499,0,0,0,0,1,0,1,0
3167789983,0,,Governor Jim Justice,7469,604,1,0,1,0.000499,0,0,0,0,1,0,1,0
852025319447871488,1,,Lovebucks,61,473,0,4,4,0.000359,1,1,1,0,0,4,4,0
1270252858600906752,0,,Ella Dowling,7,25,0,1,1,0.000359,1,1,1,0,0,1,1,0
131928174,0,,MsZ.Chaos,420,2450,0,2,2,0.000359,1,1,1,0,0,2,2,0
1901546563,0,,natasha lyonne,535348,1446,2,0,2,0.001074,0,0,0,0,2,0,2,0
1220410068291801088,0,,cakinape,24,415,0,4,4,0.000359,1,1,1,0,0,4,4,0
294712456,1,,Sophie Jackson,6939,4441,0,7,7,0.000359,2,0.818182,0.888889,0,0,7,7,0
18610936,0,,Bun B,1100807,1431,1,0,1,0.00044,0,0,0,0,1,0,1,0
1247852843782017024,0,,millywearnxx,0,16,0,1,1,0.000359,2,0.529412,0.555556,0,0,1,1,0
66369206,0,,The FCC,706770,179,2,0,2,0.000567,0,0,0,0,2,0,2,0
1169715511787212802,0,,Quinton Griggs,540715,45,3,4,7,0.001109,2,0.833333,0.9,0.000004,3,4,7,0.033333
1073075100679892993,1,,WAP OUT NOW #STREAM,816,17,3,8,11,0.001059,1,1,1,0.000007,3,8,11,0.011111
335011103,0,,Tasneem,2586,270,0,2,2,0.000359,2,0.75,0.833333,0,0,2,2,0
52422878,0,,Olympics,6029918,4998,1,0,1,0.000711,0,0,0,0,1,0,1,0
1283360235474882560,0,,Mekdes Ketema,3,75,0,1,1,0.000359,1,1,1,0,0,1,1,0
85452649,0,,Ed Sheeran,18197986,0,3,0,3,0.000711,0,0,0,0,3,0,3,0
1096048965492068352,1,,:ribbon:,84,95,0,1,1,0.000359,1,1,1,0,0,1,1,0
81344005,1,,BRAZEN,6193,783,1,0,1,0.000405,0,0,0,0,1,0,1,0
30287715,0,,Dj Buu,28767,3429,1,7,8,0.000553,2,0.888889,0.9375,0.000002,1,7,8,0
25365536,0,,Kim Kardashian West,66528313,128,5,0,5,0.001137,0,0,0,0,5,0,5,0
45279311,0,,Tameka Harris,1339693,645,2,0,2,0.000592,0,0,0,0,2,0,2,0
268414482,0,,Miley Ray Cyrus,44976119,376,2,0,2,0.000776,0,0,0,0,2,0,2,0
425871040,0,,Fortnite,11485139,91,1,2,3,0.00044,2,0.75,0.833333,0.000001,1,2,3,0
913812620,0,,Posty,6632212,2878,2,0,2,0.000932,0,0,0,0,2,0,2,0
1153815312791474176,1,,Its still tolsy:smiling_face_with_sunglasses::face_blowing_a_kiss::face_with_raised_eyebrow::shushing_face:,4,66,0,2,2,0.000359,2,0.555556,0.6,0,0,2,2,0
1117786405,0,,James Charles,6601232,2209,3,0,3,0.001413,0,0,0,0,3,0,3,0
1298175983586082816,1,,Amanda Mills,3,103,0,8,8,0.000359,5,0.321321,0.369003,0,0,8,8,0
30047168,0,,Muhammad Ali,869478,142,1,3,4,0.000405,2,0.714286,0.8,0.000002,1,3,4,0
1228104082512105473,1,,Female Rap Room,18264,17321,1,0,1,0.000399,0,0,0,0,1,0,1,0
1241912439232499714,1,,Kevin,2,17,0,1,1,0.000359,4,0.423077,0.477273,0,0,1,1,0
338084918,0,,Pharrell Williams,10846260,1068,4,1,5,0.001052,1,1,1,0.000001,4,1,5,0
343627165,0,,Premier League,22948656,82,3,0,3,0.000898,0,0,0,0,3,0,3,0
182573602,1,,Madumane,973702,3006,1,0,1,0.001022,0,0,0,0,1,0,1,0
314270661,1,,Katie B,44,132,1,4,5,0.000417,3,0.5,0.595238,0.000001,1,4,5,0
423868716,0,,NBA Official,626292,14,2,3,5,0.000723,1,1,1,0.000002,2,3,5,0
3403882361,1,,Dream Catchers Academy,8304,63,1,0,1,0.000478,0,0,0,0,1,0,1,0
23369458,0,,SKAM ARTIST,23579,870,1,1,2,0.000486,2,0.666667,0.75,0.000002,1,1,2,0
2401980110,0,,TikTok,1455630,896,1,0,1,0.000467,0,0,0,0,1,0,1,0
133880286,0,,Leonardo DiCaprio,19363229,180,3,2,5,0.000567,1,1,1,0.000002,3,2,5,0
24719760,0,,DJ CLUE,1107048,500,3,0,3,0.000925,0,0,0,0,3,0,3,0
197122266,1,,Aquile,2650,346,1,0,1,0.000405,0,0,0,0,1,0,1,0
27673684,0,,DJ KHALED,5056319,2057,1,0,1,0.000943,0,0,0,0,1,0,1,0
911621878778916865,1,,PLUGGED,331,4049,0,1,1,0.000359,1,1,1,0,0,1,1,0
42562446,0,,Stephen Curry,14432971,770,5,0,5,0.00115,0,0,0,0,5,0,5,0
353178677,0,,Patrick Mahomes II,1330244,446,2,0,2,0.000521,0,0,0,0,2,0,2,0
787714178282844161,0,,anthony:(((,1506259,133,1,1,2,0.000609,3,0.5,0.566667,0,1,1,2,0
19272244,0,,LILJON,918902,4173,1,0,1,0.00083,0,0,0,0,1,0,1,0
263939125,1,,Erica Kane Burton,8646,1145,0,7,7,0.000359,3,0.6,0.711111,0,0,7,7,0
19397785,0,,Oprah Winfrey,43256423,313,3,0,3,0.000896,0,0,0,0,3,0,3,0
245065992,0,,preston,1771049,975,1,0,1,0.000557,0,0,0,0,1,0,1,0
861742895036080129,1,,Sandra Villegas,169,6,1,0,1,0.000478,0,0,0,0,1,0,1,0
30495613,0,,Andrea Russett,7207155,7345,1,0,1,0.000399,0,0,0,0,1,0,1,0
272523714,0,,Bianca Vega,781,404,1,0,1,0.000486,0,0,0,0,1,0,1,0
888121704555266049,0,,Josh,1597139,48,2,0,2,0.000561,0,0,0,0,2,0,2,0
2228878592,0,,Andrew Yang:billed_cap::United_States:,1650904,6988,3,2,5,0.000737,1,1,1,0.000002,3,2,5,0
811941728,0,,FashionNova,158598,2,1,0,1,0.000478,0,0,0,0,1,0,1,0
1265300412216815616,1,,addisonswedberg,5,27,0,2,2,0.000359,3,0.538462,0.619048,0,0,2,2,0
1072993274,0,,Prakash Javadekar,2387883,370,0,1,1,0.000359,1,1,1,0,0,1,1,0
1260569394310197250,0,,MrGoodVibes,20,223,0,3,3,0.000359,1,1,1,0,0,3,3,0
60854650,0,,Birmingham City FC,338830,45,1,0,1,0.000399,0,0,0,0,1,0,1,0
2279776304,0,,Giannis Ugo Antetokounmpo,1256766,54,1,0,1,0.00044,0,0,0,0,1,0,1,0
45887164,0,,WeTheBestMusic,76299,1969,1,0,1,0.000682,0,0,0,0,1,0,1,0
971830843713949697,1,,NOoR MiNaJ:red_heart:,618,4440,0,2,2,0.000359,1,1,1,0,0,2,2,0
34296488,1,,QuaShawna,809,1174,1,0,1,0.00043,0,0,0,0,1,0,1,0
20265254,0,,NEW YORK KNICKS,2169954,214,1,0,1,0.000682,0,0,0,0,1,0,1,0
106823281,0,,John Morrison,1053279,895,1,0,1,0.000521,0,0,0,0,1,0,1,0
2884909108,0,,RAVON,43902,1049,1,0,1,0.000399,0,0,0,0,1,0,1,0
183349235,0,,$how$toppa Ent.,5239,5804,1,0,1,0.000486,0,0,0,0,1,0,1,0
1092589796877320192,0,,Amiracle,47,879,0,1,1,0.000359,1,1,1,0,0,1,1,0
1089628234075987969,0,,2021Legend :prince_dark_skin_tone:,58,56,0,1,1,0.000359,1,1,1,0,0,1,1,0
34331045,0,,Dherbs,19337,2179,1,1,2,0.000405,1,1,1,0,1,1,2,0
1039833297751302144,1,,Whale Alert,255740,19,1,1,2,0.000417,1,1,1,0.000001,1,1,2,0
34613288,0,,Arsenal,16165603,151752,2,0,2,0.000582,0,0,0,0,2,0,2,0
446417791,1,,Anthony M. Falcon,290,1997,0,1,1,0.000359,1,1,1,0,0,1,1,0
32660559,0,,Wizkid,7025632,1444,3,1,4,0.000737,1,1,1,0.000001,3,1,4,0
1147419414511460352,1,,Michelle GRIFFIN,11,483,0,3,3,0.000359,1,1,1,0,0,3,3,0
248900032,0,,Earvin Magic Johnson,4978398,213,1,1,2,0.000405,1,1,1,0,1,1,2,0
1249889062233747456,0,,lisis,2,122,0,3,3,0.000359,1,1,1,0,0,3,3,0
1149206376,1,,msnoloveyella,19,246,0,1,1,0.000359,1,1,1,0,0,1,1,0
21278412,0,,Fabolous,4131414,871,1,0,1,0.000796,0,0,0,0,1,0,1,0
1686815630,1,,Brendan Flynn,123,153,0,1,1,0.000359,1,1,1,0,0,1,1,0
83708220,1,,Louise Scott,45,153,0,2,2,0.000359,1,1,1,0,0,2,2,0
166747718,0,,"Tyler, The Creator",8610210,109,3,0,3,0.00124,0,0,0,0,3,0,3,0
20566864,0,,PROSTYLE,637778,827,2,6,8,0.000844,3,0.666667,0.783333,0.000006,2,6,8,0
726233265552654336,1,,Heather,2367,2278,1,0,1,0.000399,0,0,0,0,1,0,1,0
1269637164049952770,0,,summer,3,52,0,8,8,0.000359,2,0.681818,0.766667,0,0,8,8,0.017857
140118545,0,,Elizabeth Windsor,1568625,0,1,0,1,0.000735,0,0,0,0,1,0,1,0
23827692,0,,comedycentral,1604621,6514,1,0,1,0.000796,0,0,0,0,1,0,1,0
177788602,1,,Young Monop,27075,22030,0,2,2,0.000359,2,0.666667,0.75,0,0,2,2,0
373157754,1,,Anonymous :black_cat:,6109575,699,1,0,1,0.000399,0,0,0,0,1,0,1,0
23375688,0,,Selena Gomez,62134228,1121,7,0,7,0.001689,0,0,0,0,7,0,7,0
171165627,0,,NBA History,1353450,56,1,0,1,0.000576,0,0,0,0,1,0,1,0
27781680,0,,Yandy Smith,872877,282,0,2,2,0.000359,1,1,1,0,0,2,2,0
21247989,0,,Chilombo,2637906,1,1,0,1,0.000405,0,0,0,0,1,0,1,0
1177194153710686209,0,,Erickson1996,4,124,0,2,2,0.000359,1,1,1,0,0,2,2,0
181572333,0,,Chance The Rapper,8344490,2976,2,0,2,0.00084,0,0,0,0,2,0,2,0
17169320,0,,COMMON,5460110,854,2,0,2,0.00076,0,0,0,0,2,0,2,0
98416614,0,,Malaysia Pargo,401425,252,1,0,1,0.000405,0,0,0,0,1,0,1,0
867439291,1,,Kudzi,62,45,0,1,1,0.000359,1,1,1,0,0,1,1,0
15441965,0,,Ari Melber,719745,8071,1,0,1,0.000722,0,0,0,0,1,0,1,0
272985460,0,,James,1392160,612,1,0,1,0.000731,0,0,0,0,1,0,1,0
4832790886,0,,Sybilla Ferriell,433,0,1,0,1,0.000399,0,0,0,0,1,0,1,0
890841483145867264,0,,Rakuten Sports,19460,45,1,2,3,0.000399,1,1,1,0.000001,1,2,3,0
515922423,1,,SoleChasers,1260,1680,1,1,2,0.000413,2,0.6,0.666667,0.000001,1,1,2,0
1315298502,0,,Eric Hosmer,467680,594,0,6,6,0.000359,2,0.666667,0.75,0,0,6,6,0
1232130797525782528,0,,Rashaad Trice,79,360,1,0,1,0.000399,0,0,0,0,1,0,1,0
560350106,0,,Alvin Kamara,343634,28,1,0,1,0.000478,0,0,0,0,1,0,1,0
292577345,0,,Dave Pasch,30056,620,1,0,1,0.000395,0,0,0,0,1,0,1,0
1277391532505681921,1,,Joey,29,97,1,0,1,0.000399,0,0,0,0,1,0,1,0
3108351,0,,The Wall Street Journal,17976855,955,3,0,3,0.000845,0,0,0,0,3,0,3,0
23884517,0,,Hit-Boy,213120,167,1,0,1,0.000841,0,0,0,0,1,0,1,0
1102918716348657664,0,,Gökhan 1349,118,243,0,1,1,0.000359,3,0.444444,0.541667,0,0,1,1,0
66753565,0,,Warriors on NBCS,91367,404,1,0,1,0.000682,0,0,0,0,1,0,1,0
3017957005,1,,Ian Motta,323,104,1,1,2,0.000399,2,0.6,0.666667,0.000001,1,1,2,0
15224867,0,,Anderson Cooper,10015190,280,1,0,1,0.000467,0,0,0,0,1,0,1,0
25098482,0,,IMF,1713424,445,2,0,2,0.000715,0,0,0,0,2,0,2,0
116341480,0,,Rosie Gray,114503,2303,1,0,1,0.000548,0,0,0,0,1,0,1,0
156132825,0,,Mike Tyson,5551620,398,2,0,2,0.00079,0,0,0,0,2,0,2,0
1289028644862664704,1,,100qtips,9,252,0,10,10,0.000359,2,0.708333,0.794118,0,0,10,10,0
19252079,1,,Kevin Pelton,114892,664,1,0,1,0.000539,0,0,0,0,1,0,1,0
14075928,0,,The Onion,11565987,8,4,0,4,0.001157,0,0,0,0,4,0,4,0
635884152,0,,norman fucking wildberger,349,974,0,1,1,0.000359,1,1,1,0,0,1,1,0
785651770697523200,0,,xQc,679419,387,2,0,2,0.000576,0,0,0,0,2,0,2,0
189081669,1,,Daniel Adu,536,725,0,1,1,0.000359,1,1,1,0,0,1,1,0
785838015675568128,0,,Slappie,87273,740,1,1,2,0.000391,1,1,1,0,1,1,2,0
2565956698,1,,vincent nelson,56,2093,0,1,1,0.000359,1,1,1,0,0,1,1,0
23497233,0,,sia,3832648,346,0,1,1,0.000359,1,1,1,0,0,1,1,0
1138503960,0,,Jalen Lake:desert_island:,1151,901,1,0,1,0.000399,0,0,0,0,1,0,1,0
26588937,0,,First Take,1547636,821,1,0,1,0.001022,0,0,0,0,1,0,1,0
24165761,0,,Michael Skolnik,288186,1052,1,0,1,0.000682,0,0,0,0,1,0,1,0
801874623176511488,0,,IZA,2855923,556,0,1,1,0.000359,1,1,1,0,0,1,1,0
3429950987,1,,World of Engineering,1006327,41,1,0,1,0.00044,0,0,0,0,1,0,1,0
162614420,0,,"Jordan V. Gathers, MBA",1909,1134,1,0,1,0.000395,0,0,0,0,1,0,1,0
362205507,1,,Michael Grigg,811,269,0,1,1,0.000359,2,0.6,0.666667,0,0,1,1,0
255792011,0,,Alex Caruso,193287,554,1,1,2,0.000391,1,1,1,0,1,1,2,0
334468453,0,,Mark Jackson,266647,490,0,9,9,0.000359,2,0.736842,0.821429,0,0,9,9,0
2940430543,0,,Paige Lowry,181,1629,0,1,1,0.000359,2,0.666667,0.75,0,0,1,1,0
2608333754,0,,SoaR Dylan,64287,831,1,1,2,0.000405,1,1,1,0,1,1,2,0
3429979499,1,,KingBucketz,1305,1708,1,0,1,0.000399,0,0,0,0,1,0,1,0
298398992,0,,Robbie Biershenk,4336,291,1,0,1,0.000399,0,0,0,0,1,0,1,0
253015997,1,,Pisces,35784,16594,1,0,1,0.000399,0,0,0,0,1,0,1,0
725078455264530432,0,,Jerry Sherfick,42,285,0,2,2,0.000359,1,1,1,0,0,2,2,0
245151455,0,,Ty Harris,354,460,1,1,2,0.000399,1,1,1,0,1,1,2,0
232518420,0,,Feyyaz Emir Eren,2646,1393,1,0,1,0.000424,0,0,0,0,1,0,1,0
997914902323974156,1,,golflife,14,559,0,1,1,0.000359,1,1,1,0,0,1,1,0
1013634584448196608,1,,billionaire_secrets,3367201,3501,1,0,1,0.000682,0,0,0,0,1,0,1,0
131047357,1,,Brian Perry,453,858,1,0,1,0.000395,0,0,0,0,1,0,1,0
300114634,0,,adidas,3803202,156,2,0,2,0.001209,0,0,0,0,2,0,2,0
25319414,0,,NBA TV,4681748,827,1,0,1,0.000399,0,0,0,0,1,0,1,0
1164210936825204736,1,,Will Hickey,13,315,0,1,1,0.000359,1,1,1,0,0,1,1,0
120215659,1,,melanin,1110,2381,1,0,1,0.000405,0,0,0,0,1,0,1,0
3400030269,0,,Çok Şükür Yine Utandık,101689,1,1,0,1,0.000424,0,0,0,0,1,0,1,0
246571305,0,,DeMarco Murray,506571,145,1,0,1,0.000724,0,0,0,0,1,0,1,0
714591458,0,,Chipper Jones,1119692,146,1,0,1,0.000467,0,0,0,0,1,0,1,0
951400452989603840,0,,İbrahim Mermer,1253,1249,1,0,1,0.000424,0,0,0,0,1,0,1,0
468050236,1,,Jake Duff,107,760,0,2,2,0.000359,1,1,1,0,0,2,2,0
16302242,0,,Stephen A Smith,5021636,8,2,1,3,0.000736,1,1,1,0.000001,2,1,3,0
1293637660892962818,0,,RavenViper,112,723,0,1,1,0.000359,2,0.666667,0.75,0,0,1,1,0
852149624911650816,0,,Khayla Jai :sparkles:,2253,1024,1,0,1,0.000405,0,0,0,0,1,0,1,0
193494089,0,,“The Big Show” Paul Wight,2520721,559,1,0,1,0.000391,0,0,0,0,1,0,1,0
909102066,0,,Lonzo Ball,1111061,303,2,0,2,0.001034,0,0,0,0,2,0,2,0
183310940,0,,Sylvester Stallone,2918045,34,0,3,3,0.000359,1,1,1,0,0,3,3,0
35999306,0,,Dude Perfect,426726,812,2,1,3,0.000765,1,1,1,0.000001,2,1,3,0
982038652363726850,0,,Kamron Kimble,345,397,1,1,2,0.003565,1,1,1,0,1,1,2,0
994727755509051392,0,,NRG Zayt,411629,686,1,0,1,0.000391,0,0,0,0,1,0,1,0
915789565,0,,Tiffany Davis,48,228,1,0,1,0.000405,0,0,0,0,1,0,1,0
564768792,0,,James Marriott,330990,653,1,0,1,0.000399,0,0,0,0,1,0,1,0
592197437,1,,Athlete Motivator,62079,0,1,0,1,0.000395,0,0,0,0,1,0,1,0
260658183,1,,Zimbabwe Independent,90878,132,0,1,1,0.000359,1,1,1,0,0,1,1,0
1150447252537794560,1,,fizure,9,202,0,1,1,0.000359,1,1,1,0,0,1,1,0
29333114,0,,Berlin,228839,726,1,0,1,0.000405,0,0,0,0,1,0,1,0
288956125,0,,Maverick Carter,77906,175,1,3,4,0.000395,1,1,1,0.000001,1,3,4,0
193095044,0,,Brian Windhorst,719777,869,2,0,2,0.000628,0,0,0,0,2,0,2,0
92818443,0,,shabazz muhammad,65863,269,1,1,2,0.000405,1,1,1,0,1,1,2,0
506591368,1,,tenzin,7061,553,1,0,1,0.000535,0,0,0,0,1,0,1,0
304033734,1,,Packie Turner,1626,2885,1,2,3,0.000399,1,1,1,0.000001,1,2,3,0
54631136,1,,Bruce Massey Jr,1661,739,1,0,1,0.000399,0,0,0,0,1,0,1,0
58531272,0,,Radamel Falcao,17360693,617,2,0,2,0.000869,0,0,0,0,2,0,2,0
432146658,0,,Tommy Biershenk,3006,968,1,0,1,0.000399,0,0,0,0,1,0,1,0
718156043528900608,0,,Alexandra Cooper,434099,39,1,1,2,0.000413,1,1,1,0,1,1,2,0
17629860,0,,FBI,2979920,2143,2,0,2,0.000548,0,0,0,0,2,0,2,0
1884603416,1,,Subnautica,92136,30,1,0,1,0.000541,0,0,0,0,1,0,1,0
590346965,0,,Meral Akşener,4026672,965,1,0,1,0.000405,0,0,0,0,1,0,1,0
338299807,0,,Anthony Joshua,3082760,210,1,0,1,0.000467,0,0,0,0,1,0,1,0
150490233,0,,Stance,65360,20,2,2,4,0.000541,3,0.533333,0.604167,0.000003,2,2,4,0
343331728,0,,Fantasy Football Today,253771,58,1,0,1,0.000682,0,0,0,0,1,0,1,0
519895910,0,,Jaelyn,838,699,1,0,1,0.000405,0,0,0,0,1,0,1,0
2911095315,0,,Rob Friedman,236235,382,1,0,1,0.000751,0,0,0,0,1,0,1,0
1119272907363037184,1,,Mallory Bruce,264,129,1,0,1,0.000399,0,0,0,0,1,0,1,0
506427309,0,,Bruce Chen,32878,108,1,1,2,0.000413,1,1,1,0,1,1,2,0
3305470938,0,,addison rae,3541545,279,2,1,3,0.000715,1,1,1,0.000001,2,1,3,0
42384760,0,,Carmelo Anthony,9085281,296,1,1,2,0.00044,1,1,1,0,1,1,2,0
983507472999747585,1,,kelin parsons,287,810,1,0,1,0.000405,0,0,0,0,1,0,1,0
2296445296,0,,Bizzle,514680,499,1,1,2,0.000391,1,1,1,0,1,1,2,0
4662373992,1,,J :sparkles:,662,516,1,0,1,0.000399,0,0,0,0,1,0,1,0
1009252744186814466,1,,hiley,1,53,0,1,1,0.000359,5,0.304348,0.321259,0,0,1,1,0
940323728650579970,0,,Adem Ljajic :Japan:,11568,11960,1,0,1,0.000424,0,0,0,0,1,0,1,0
30251825,1,,Tommy Alberdi,285,1914,0,1,1,0.000359,1,1,1,0,0,1,1,0
4325676132,1,,Bishop,56,212,1,0,1,0.000399,0,0,0,0,1,0,1,0
26735127,1,,SBN,532,1965,1,1,2,0.000413,1,1,1,0,1,1,2,0
42651647,0,,HarvardPublicHealth,360061,2570,0,2,2,0.000359,1,1,1,0,0,2,2,0
969691678734016513,0,,Underrated Tour,4262,34,0,8,8,0.000359,3,0.65,0.782051,0,0,8,8,0
24633013,1,,Casey,456,946,1,0,1,0.000413,0,0,0,0,1,0,1,0
185794607,1,,WintzMusic,321,360,1,2,3,0.000405,1,1,1,0.000001,1,2,3,0
19362299,0,,NFL Network,3928445,1951,1,1,2,0.000405,1,1,1,0,1,1,2,0
32455951,0,,Kara Vrooman,75,95,1,0,1,0.000413,0,0,0,0,1,0,1,0
23083404,0,,LeBron James,47061620,190,3,0,3,0.000758,0,0,0,0,3,0,3,0
1191539502,1,,Coach Silva - Castleberry,446,585,1,0,1,0.000399,0,0,0,0,1,0,1,0
34296189,0,,Jozy Altidore,890101,457,1,0,1,0.000682,0,0,0,0,1,0,1,0
460116210,0,,Luka Doncic,1018937,345,0,1,1,0.000359,1,1,1,0,0,1,1,0
36155311,0,,Tampa Bay Buccaneers,855788,305,1,0,1,0.000731,0,0,0,0,1,0,1,0
251943063,1,,Maci S.,293,647,0,1,1,0.000359,1,1,1,0,0,1,1,0
58725085,0,,Ricky Brown,2012,1104,0,7,7,0.000359,2,0.818182,0.888889,0,0,7,7,0
180503626,0,,Philadelphia Eagles,3473728,121,1,0,1,0.000731,0,0,0,0,1,0,1,0
36362259,0,,John Clayton,1358354,251,1,0,1,0.000521,0,0,0,0,1,0,1,0
2955596087,0,,Coach Harbaugh,2008841,423,1,0,1,0.001294,0,0,0,0,1,0,1,0
469591535,0,,Mumuzinho,754832,480,1,0,1,0.000682,0,0,0,0,1,0,1,0
1954262190,0,,Mer,78,837,0,2,2,0.000359,1,1,1,0,0,2,2,0
145125358,0,,Amitabh Bachchan,43927339,1806,2,0,2,0.000504,0,0,0,0,2,0,2,0
15131310,0,,Whole Foods Market,4351344,492731,1,0,1,0.000521,0,0,0,0,1,0,1,0
48488561,0,,Marc Stein,1386518,5151,1,0,1,0.000395,0,0,0,0,1,0,1,0
1298302645325778946,1,,FatPregnantDude,1,113,0,8,8,0.000359,2,0.833333,0.9,0,0,8,8,0
1092219625453113344,1,,ATKILI BEY #SEBA,1531,1581,1,0,1,0.000424,0,0,0,0,1,0,1,0
569858355,0,,Scotty,698244,582,1,0,1,0.000399,0,0,0,0,1,0,1,0
293910828,0,,Lamar Miller,77232,392,1,0,1,0.000405,0,0,0,0,1,0,1,0
18915240,0,,Jalen Rose,1785825,606,1,0,1,0.000682,0,0,0,0,1,0,1,0
24794916,0,,Kara DioGuardi,79628,157,0,1,1,0.000359,2,0.666667,0.75,0,0,1,1,0
615805429,1,,Frank Valdez,254,1600,0,3,3,0.000359,2,0.714286,0.8,0,0,3,3,0
14681605,0,,KevinSmith,3163439,69,1,0,1,0.000682,0,0,0,0,1,0,1,0
3015740111,0,,Riversan,56776,535,1,1,2,0.000391,1,1,1,0,1,1,2,0
88052073,0,,Brad Penny,18105,695,1,1,2,0.000413,1,1,1,0,1,1,2,0
22178780,0,,NBA on TNT,3919436,896,2,1,3,0.000723,1,1,1,0.000001,2,1,3,0
1142869471289368577,0,,suhweenahhh:butterfly:,142,147,1,0,1,0.000399,0,0,0,0,1,0,1,0
868654430,0,,Eric Musselman,79774,589,1,0,1,0.000395,0,0,0,0,1,0,1,0
1151894035797336067,1,,T,329,457,1,1,2,0.003565,1,1,1,0,1,1,2,0
50811932,0,,James Harden,6825238,262,1,4,5,0.000602,3,0.571429,0.708333,0.000002,1,4,5,0
224547753,0,,Shannah Rose,1555,703,1,0,1,0.000399,0,0,0,0,1,0,1,0
1026622505786789888,0,,Lil Uzi Vert Lyrics,6057,5627,1,0,1,0.000399,0,0,0,0,1,0,1,0
1270119578778116101,1,,Rxin_there,1,62,0,7,7,0.000359,3,0.666667,0.777778,0,0,7,7,0
44409004,0,,Shakira,52243213,212,1,0,1,0.000682,0,0,0,0,1,0,1,0
555653709,0,,13am Adebayo:collision:,111510,482,1,0,1,0.000521,0,0,0,0,1,0,1,0
234464298,1,,Krist Jackson,1574,718,1,0,1,0.000399,0,0,0,0,1,0,1,0
241386301,1,,DaPointGod,1411,1165,0,6,6,0.000359,3,0.611111,0.742424,0,0,6,6,0
116783706,1,,CT,258,301,1,0,1,0.000413,0,0,0,0,1,0,1,0
702699422589714432,0,,adept.,100759,463,1,2,3,0.000391,1,1,1,0.000001,1,2,3,0
35094637,0,,Alicia Keys,30096168,730,3,0,3,0.000952,0,0,0,0,3,0,3,0
155411974,0,,Cory.,794984,167,1,2,3,0.000405,2,0.75,0.833333,0.000001,1,2,3,0
819954614,0,,Ken Duke,13954,690,0,8,8,0.000359,6,0.249423,0.299537,0,0,8,8,0
105305397,0,,Ian Clark,39992,406,0,8,8,0.000359,2,0.785714,0.863636,0,0,8,8,0
35982046,0,,Russell Westbrook,6460345,700,3,0,3,0.000699,0,0,0,0,3,0,3,0
158126576,0,,Jeremy Maclin,290112,371,1,1,2,0.000413,1,1,1,0,1,1,2,0
14504859,0,,DuckDuckGo,1503198,1268,2,0,2,0.000871,0,0,0,0,2,0,2,0
499426275,0,,Tanya Gomez (:,51,0,1,0,1,0.000405,0,0,0,0,1,0,1,0
33995409,0,,DWade,9088145,750,8,2,10,0.002078,1,1,1,0.000007,8,2,10,0
2243552145,1,,Kenya mason,1,95,0,1,1,0.000359,1,1,1,0,0,1,1,0
1267649276399755266,1,,RJ NEWS:rolled-up_newspaper:,1,57,0,3,3,0.000359,2,0.714286,0.8,0,0,3,3,0
36396108,1,,Friends of Kids,1753,1141,1,0,1,0.000731,0,0,0,0,1,0,1,0
2949841030,1,,Bryson Childress,913,612,0,1,1,0.000359,5,0.304348,0.321259,0,0,1,1,0
632743835,1,,Debby Dalhoff,396,60,1,1,2,0.000399,5,0.304348,0.321259,0.00003,1,1,2,0
1293347937813237761,0,,Jacob Campbell,31,70,0,8,8,0.000359,2,0.833333,0.9,0,0,8,8,0
205011174,1,,Matthew Kenna,814,1800,0,7,7,0.000359,4,0.5,0.627193,0,0,7,7,0
27147528,0,,Howard University,87220,996,1,0,1,0.000682,0,0,0,0,1,0,1,0
1270746887021158400,1,,SDPebbles,5,474,0,1,1,0.000359,2,0.666667,0.75,0,0,1,1,0
1346180581,0,,PARTYNEXTDOOR,1520350,849,1,0,1,0.000495,0,0,0,0,1,0,1,0
33923443,0,,646-506-3390 TEXT ME :mobile_phone_with_arrow:,2190483,4339982,1,0,1,0.000682,0,0,0,0,1,0,1,0
171682730,0,,Gigi Hadid,9521677,534,0,1,1,0.000359,1,1,1,0,0,1,1,0
57710919,0,,Chris Haynes,261737,711,1,0,1,0.001009,0,0,0,0,1,0,1,0
22685638,0,,Michel Martin,61983,4808,1,0,1,0.001093,0,0,0,0,1,0,1,0
82167518,0,,Alex Seitz-Wald,62114,3191,2,1,3,0.000728,1,1,1,0.000001,2,1,3,0
552423747,1,,Diego Fernandez,92,150,0,1,1,0.000359,1,1,1,0,0,1,1,0
23600262,0,,Eleanor #DCStatehood Holmes Norton,49433,20788,1,0,1,0.000405,0,0,0,0,1,0,1,0
839203565050572800,1,,Alex Akin,73,385,0,2,2,0.000359,2,0.666667,0.75,0,0,2,2,0
75854088,1,,Lindsey S. Moon,943,595,1,1,2,0.000468,2,0.666667,0.75,0.000002,1,1,2,0
1281294820355436544,0,,Sabari Debmozumder,9,63,0,1,1,0.000359,1,1,1,0,0,1,1,0
1269594393197019137,1,,Dennis V. Sei :Sierra_Leone::eagle::fountain_pen:,68,829,0,2,2,0.000359,1,1,1,0,0,2,2,0
449588356,0,,Garry Kasparov,567479,540,1,0,1,0.000682,0,0,0,0,1,0,1,0
774187063,0,,BuzzFeed Food,280704,279,1,0,1,0.000405,0,0,0,0,1,0,1,0
1140648348,0,,Rep. Debbie Wasserman Schultz,16398,2284,1,1,2,0.000395,1,1,1,0,1,1,2,0
18650093,0,,Committee to Protect Journalists,221619,2061,2,0,2,0.000805,0,0,0,0,2,0,2,0
817376852566126593,1,,no offense (prob too late),472,561,0,1,1,0.000359,1,1,1,0,0,1,1,0
65551087,0,,Hayes Brown,56688,1576,1,2,3,0.000405,1,1,1,0.000001,1,2,3,0
16802422,1,,Vinny Natale,27134,27488,1,0,1,0.000405,0,0,0,0,1,0,1,0
806006252,1,,Molly Pfaffenroth,532,2685,0,1,1,0.000359,5,0.261538,0.306863,0,0,1,1,0
1245701887346778112,1,,Dr. M. Smith,2,20,0,7,7,0.000359,2,0.666667,0.75,0,0,7,7,0
42970367,1,,The Sparrow Project,35754,3460,1,1,2,0.000413,1,1,1,0,1,1,2,0
43132686,0,,BGA,13415,2480,1,0,1,0.000405,0,0,0,0,1,0,1,0
17006157,0,,Paul Krugman,4633350,65,4,0,4,0.001688,0,0,0,0,4,0,4,0
115536854,0,,Cindy Fitzgibbon,38929,425,1,0,1,0.000715,0,0,0,0,1,0,1,0
600435408,0,,Joanna Gaines,1460981,281,2,0,2,0.000682,0,0,0,0,2,0,2,0
2783025822,1,,Bodega Cats,418094,9,1,0,1,0.000682,0,0,0,0,1,0,1,0
13657922,0,,Des Moines Register,158941,4934,1,0,1,0.000468,0,0,0,0,1,0,1,0
3368874253,1,,DA ROBERTSON,4561,4602,1,0,1,0.000399,0,0,0,0,1,0,1,0
395682637,1,,Jake,82,116,0,1,1,0.000359,1,1,1,0,0,1,1,0
2347049341,0,,Vox,969551,289,1,0,1,0.000682,0,0,0,0,1,0,1,0
1111450223543500828,1,,Benjamin Tuckett,129,2680,0,1,1,0.000359,1,1,1,0,0,1,1,0
23108704,1,,EDC,7406,3584,1,0,1,0.000422,0,0,0,0,1,0,1,0
2396677714,0,,Mohamed Salah,12869234,141,4,0,4,0.001417,0,0,0,0,4,0,4,0
1244387137136603136,1,,WTFareyouthinking,807,2628,0,1,1,0.000359,1,1,1,0,0,1,1,0
5120691,0,,World Economic Forum,3844564,506,3,0,3,0.001138,0,0,0,0,3,0,3,0
4575856758,0,,CP Mumbai Police,3491129,22,1,0,1,0.000467,0,0,0,0,1,0,1,0
24958792,1,,State House News,33002,2294,1,1,2,0.000395,1,1,1,0,1,1,2,0
205886080,1,,Phillip Swarts,620,1005,1,1,2,0.000405,1,1,1,0,1,1,2,0
242862590,0,,lindsey mancini:alien_monster:,774,1168,1,0,1,0.00044,0,0,0,0,1,0,1,0
288232527,1,,StartUp Mindset,158519,136576,1,0,1,0.000682,0,0,0,0,1,0,1,0
891144011959894016,1,,Nduati Kuria,615,2684,0,1,1,0.000359,1,1,1,0,0,1,1,0
57411021,0,,CJR,146632,3553,1,0,1,0.000395,0,0,0,0,1,0,1,0
2829251164,0,,Ben Murray-Bruce,1407552,102,1,1,2,0.000405,1,1,1,0,1,1,2,0
1277280391938916352,0,,Parry,2,116,0,1,1,0.000359,1,1,1,0,0,1,1,0
46176168,0,,Major Garrett,191394,3839,1,1,2,0.000395,1,1,1,0,1,1,2,0
1291776205352574976,1,,RoyalBaller,2,97,0,4,4,0.000359,1,1,1,0,0,4,4,0
1191766940357996545,1,,Silas Kinyua,0,24,0,4,4,0.000359,2,0.833333,0.9,0,0,4,4,0
25691712,1,,𝔐𝔦𝔠𝔥𝔞𝔢𝔩𝔞,373,828,1,0,1,0.000399,0,0,0,0,1,0,1,0
120176950,0,,Treasury Department,909339,231,2,2,4,0.000474,3,0.5,0.583333,0.000007,2,2,4,0
1288643682493771776,0,,JulieSobinsky,0,113,0,7,7,0.000359,3,0.631579,0.763889,0,0,7,7,0.02381
248495200,0,,Seth Moulton,149420,2443,3,0,3,0.000838,0,0,0,0,3,0,3,0
1039879658400112640,0,,Congressman Michael Cloud,8397,131,1,2,3,0.000468,1,1,1,0.000002,1,2,3,0
963248234553634816,1,,Cole Olson :four_leaf_clover:,80,134,0,1,1,0.000359,1,1,1,0,0,1,1,0
20631422,0,,emily m,399991,1395,1,0,1,0.000399,0,0,0,0,1,0,1,0
1058051748,0,,Randy Weber,18795,634,1,0,1,0.000569,0,0,0,0,1,0,1,0
713047690313994242,1,,Faiza Mahamud:Somalia:,3270,2165,1,0,1,0.000399,0,0,0,0,1,0,1,0
29442313,0,,Bernie Sanders,10171940,2337,6,1,7,0.000986,1,1,1,0.000002,6,1,7,0
248735463,0,,Rep. Barbara Lee,282668,16310,1,0,1,0.000405,0,0,0,0,1,0,1,0
33563161,0,,José E. Serrano,33230,1347,0,7,7,0.000359,2,0.769231,0.85,0,0,7,7,0
1062986221117308928,1,,Markfrancis30offical,13,609,0,2,2,0.000359,1,1,1,0,0,2,2,0
246088673,0,,Progressive Caucus,74585,1170,0,7,7,0.000359,2,0.705882,0.791667,0,0,7,7,0
3157899825,1,,United Zone,253671,487,1,0,1,0.000521,0,0,0,0,1,0,1,0
3333055535,0,,Eric Holder,556880,68,1,0,1,0.000973,0,0,0,0,1,0,1,0
14159148,0,,United Nations,12812770,1181,2,0,2,0.000652,0,0,0,0,2,0,2,0
16170253,0,,Ryan Grim,167235,6380,3,0,3,0.001007,0,0,0,0,3,0,3,0
256136003,0,,"KIPCHUMBA MURKOMEN, E.G.H",1276189,2556,1,0,1,0.00044,0,0,0,0,1,0,1,0
21059255,0,,Ted Lieu,1411273,10110,1,0,1,0.000521,0,0,0,0,1,0,1,0
14248963,0,,tomfitzgerald,8037,2461,1,0,1,0.000405,0,0,0,0,1,0,1,0
1277256035217092616,1,,Bureau Chief,72,1206,0,1,1,0.000359,1,1,1,0,0,1,1,0
1298338536630833152,0,,nyinyiaung,1,9,0,8,8,0.000359,2,0.833333,0.9,0,0,8,8,0.017857
18915579,1,,Chicago Breaking News,184622,1466,1,0,1,0.000405,0,0,0,0,1,0,1,0
10222862,0,,L.A. Times National,28963,12452,1,0,1,0.000395,0,0,0,0,1,0,1,0
17479266,1,,Pam Ressler,2690,2074,1,1,2,0.000395,1,1,1,0,1,1,2,0
40105887,1,,STREET COINS,493,1291,0,2,2,0.000359,2,0.666667,0.75,0,0,2,2,0
1035993151,0,,Zoila Victoria,15,116,0,1,1,0.000359,1,1,1,0,0,1,1,0
17632046,1,,Technology Iowa,6464,2447,1,0,1,0.000468,0,0,0,0,1,0,1,0
16129920,0,,Rachel Maddow MSNBC,10196472,3892,6,0,6,0.001626,0,0,0,0,6,0,6,0
400884404,1,,ladypsychcare,1379,2976,1,1,2,0.000422,1,1,1,0.000001,1,1,2,0
10950112,1,,Denis Dison,1968,2622,1,0,1,0.00041,0,0,0,0,1,0,1,0
67116939,1,,SISTERS Magazine,9391,299,1,0,1,0.000399,0,0,0,0,1,0,1,0
15587500,0,,CDC_eHealth,681116,155,1,0,1,0.000422,0,0,0,0,1,0,1,0
2734713482,0,,NASA New Horizons,398474,161,1,0,1,0.000715,0,0,0,0,1,0,1,0
16318114,0,,City of San Francisco,237259,324,2,2,4,0.000561,1,1,1,0.000001,2,2,4,0.083333
957025192605306880,0,,Stephen Sanchez,1150,1815,1,0,1,0.000405,0,0,0,0,1,0,1,0
4119741,0,,John Dickerson,1990725,2452,1,0,1,0.000541,0,0,0,0,1,0,1,0
1205306829057744896,1,,Les Harrison,63,533,0,1,1,0.000359,1,1,1,0,0,1,1,0
14642495,0,,Sarah Cooper,2261697,3005,3,0,3,0.00113,0,0,0,0,3,0,3,0
73181712,0,,Justice Department,1843842,180,2,0,2,0.000634,0,0,0,0,2,0,2,0
811972460560019456,0,,Republic,1742443,3,1,0,1,0.000682,0,0,0,0,1,0,1,0
887441512702910464,1,,Benjamin Conway,38,192,0,1,1,0.000359,1,1,1,0,0,1,1,0
110541296,0,,U.S. Commerce Dept.,386399,347,0,1,1,0.000359,1,1,1,0,0,1,1,0
133832049,0,,Xavier Becerra,69621,2153,0,9,9,0.000359,2,0.764706,0.846154,0,0,9,9,0
27511061,0,,Steve Benen,47549,181,1,2,3,0.000405,1,1,1,0.000001,1,2,3,0
1204933664,1,,Dr. David A. Thomas,4768,270,0,1,1,0.000359,1,1,1,0,0,1,1,0
16543775,0,,The Detroit News,299399,2567,0,1,1,0.000359,1,1,1,0,0,1,1,0
1079802482640019456,0,,Congresswoman Lori Trahan,22755,1316,0,9,9,0.000359,7,0.258065,0.393027,0,0,9,9,0
15463671,0,,Sam Stein,480730,1170,0,2,2,0.000359,1,1,1,0,0,2,2,0
1663045830,1,,Adam Gruschow,192,845,0,1,1,0.000359,1,1,1,0,0,1,1,0
729468343,0,,Rick and Morty,2038234,226,2,0,2,0.000513,0,0,0,0,2,0,2,0
926532374,1,,Milagros Concepcion,282,532,1,0,1,0.000405,0,0,0,0,1,0,1,0
1298386774683680768,0,,Craig,0,61,0,2,2,0.000359,1,1,1,0,0,2,2,0
19553409,0,,Rasmussen Reports,310851,435,1,1,2,0.00041,5,0.261538,0.306863,0.000017,1,1,2,0
20818801,0,,Daily Kos,290571,10751,1,0,1,0.00041,0,0,0,0,1,0,1,0
199471494,1,,Evan Vockley,314,1720,0,1,1,0.000359,1,1,1,0,0,1,1,0
1207536578802987009,1,,Mungu Asiyeshindwa,74,1731,0,2,2,0.000359,1,1,1,0,0,2,2,0
1298401483990487042,0,,Princesabeiby,0,7,0,4,4,0.000359,1,1,1,0,0,4,4,0
109702390,0,,SFMTA,170044,468,3,1,4,0.00083,1,1,1,0.000001,3,1,4,0
271476647,0,,Ron Mott,9935,1036,1,0,1,0.000395,0,0,0,0,1,0,1,0
1080865917377097728,0,,Rep. Cindy Axne,13443,392,2,7,9,0.000844,3,0.65,0.75641,0.000008,2,7,9,0
209792690,0,,Cantor Press,9081,1081,1,0,1,0.00041,0,0,0,0,1,0,1,0
20954470,1,,Kate Albright-Hanna,1740,2792,1,0,1,0.000395,0,0,0,0,1,0,1,0
1271207531512246273,0,,DMSOHN238974,8,755,0,1,1,0.000359,1,1,1,0,0,1,1,0
75069067,0,,Clinton Foundation,837314,799,1,1,2,0.000422,1,1,1,0.000001,1,1,2,0
404402822,1,,LGTH,2,1601,0,1,1,0.000359,1,1,1,0,0,1,1,0
281593711,0,,Drew Hammill,27304,1394,1,7,8,0.000395,6,0.273885,0.389922,0.000013,1,7,8,0
168684891,0,,Mark Mazzetti,62886,640,1,0,1,0.000395,0,0,0,0,1,0,1,0
2768501,0,,ABC News,1701864,1202,1,0,1,0.000395,0,0,0,0,1,0,1,0
55530920,1,,Abhijeet ZADE,304,107,0,3,3,0.000359,4,0.410714,0.478261,0,0,3,3,0
106507775,0,,Team Rubicon,50530,2099,1,1,2,0.000422,1,1,1,0.000001,1,1,2,0
67368942,0,,Esteban Pagán Rivera,9569,2976,1,1,2,0.000405,1,1,1,0,1,1,2,0
278662460,0,,Billboard Music Awards,2872539,2160,1,0,1,0.000541,0,0,0,0,1,0,1,0
11347122,0,,Gavin Newsom,1892516,23013,2,0,2,0.001214,0,0,0,0,2,0,2,0
880412538625810432,0,,Bill Ackman,155384,168,1,0,1,0.000682,0,0,0,0,1,0,1,0
892275857779118080,1,,Devin Nunes’ cow :cow_face:,758859,105319,5,0,5,0.0014,0,0,0,0,5,0,5,0
67324224,0,,NIH NCCIH,45180,864,1,1,2,0.000422,1,1,1,0.000001,1,1,2,0
119491006,0,,Amy Chozick,59918,1905,1,0,1,0.000728,0,0,0,0,1,0,1,0
1272727034775564289,1,,:water_wave::water_wave::water_wave: Liberal Democrat :water_wave::water_wave::water_wave: #BidenHarris2020,12,552,0,3,3,0.000359,2,0.8,0.875,0,0,3,3,0
1158464297602650112,1,,Jason Kenyon,11,35,1,0,1,0.000405,0,0,0,0,1,0,1,0
333935142,0,,"William Samoei Ruto, PhD",3355482,87,2,0,2,0.00048,0,0,0,0,2,0,2,0
15757578,1,,Jim Hanson :United_States:,82723,7927,1,0,1,0.000424,0,0,0,0,1,0,1,0
49043650,1,,Carlos:sign_of_the_horns_medium-light_skin_tone:Jimenez,156,720,1,1,2,0.000405,1,1,1,0,1,1,2,0
884876013326536704,1,,Pamela King,93,1366,0,1,1,0.000359,1,1,1,0,0,1,1,0
2836421,0,,MSNBC,3551051,714,2,0,2,0.000778,0,0,0,0,2,0,2,0
2732591676,0,,Martin Luther King III,391462,3304,1,0,1,0.000537,0,0,0,0,1,0,1,0
519072324,0,,Carmen Yulín Cruz,258014,422,1,1,2,0.000405,1,1,1,0,1,1,2,0
2964950313,0,,Presidency Nigeria,1905216,37,1,0,1,0.000724,0,0,0,0,1,0,1,0
741830688870006788,1,,Elizabeth,24,247,0,3,3,0.000359,1,1,1,0,0,3,3,0
765245597188227073,0,,Ramiz Dayı,2625927,1179790,1,0,1,0.000682,0,0,0,0,1,0,1,0
892194522,1,,Danielle McFadden :woman_technologist_medium-light_skin_tone:,2625,1176,1,0,1,0.000395,0,0,0,0,1,0,1,0
15368553,0,,Phelan O,388,1838,1,1,2,0.000399,1,1,1,0,1,1,2,0
17842366,0,,Discovery,8775059,516,3,0,3,0.001059,0,0,0,0,3,0,3,0
333772098,0,,Julia Horowitz,2446,1549,1,0,1,0.000468,0,0,0,0,1,0,1,0
1967216306,0,,Morgan Ortagus,453226,772,1,0,1,0.000537,0,0,0,0,1,0,1,0
198729186,1,,"James ""Jake"" Greer",33,138,0,1,1,0.000359,4,0.411765,0.458333,0,0,1,1,0
14135426,0,,Keith Ellison,376779,6946,0,8,8,0.000359,2,0.9,0.944444,0,0,8,8,0
108978886,0,,Chicago Bears,51284,115,1,0,1,0.000405,0,0,0,0,1,0,1,0
2459771455,0,,NPR's Education Team,60515,444,2,1,3,0.000816,1,1,1,0.000002,2,1,3,0
31779156,0,,Kyra Phillips,54018,165,1,2,3,0.000395,1,1,1,0.000001,1,2,3,0
13393052,0,,ACLU,1915339,5684,2,0,2,0.000548,0,0,0,0,2,0,2,0
37804334,1,,Nate Fairman,811,1919,1,0,1,0.000399,0,0,0,0,1,0,1,0
778567468449091584,1,,KatD,159,512,1,3,4,0.000405,1,1,1,0.000001,1,3,4,0
1196483297301467136,0,,Lift Our Voices,1290,11,1,1,2,0.000395,1,1,1,0,1,1,2,0
975566909964873728,1,,kat bray,12,1037,0,1,1,0.000359,1,1,1,0,0,1,1,0
42153941,0,,Elaina Plott,67380,1220,2,0,2,0.000717,0,0,0,0,2,0,2,0
17011177,0,,Cecile Richards,195139,820,1,0,1,0.000569,0,0,0,0,1,0,1,0
1275199680280956928,1,,Sarah Stewart,1,57,0,5,5,0.000359,1,1,1,0,0,5,5,0
977648674338521093,1,,Mike RayMurai,20,489,0,1,1,0.000359,3,0.4,0.430556,0,0,1,1,0
715148185,1,,Greg Williams,6849,774,1,1,2,0.000422,1,1,1,0.000001,1,1,2,0
301014412,0,,((Mike Crittenden))),2466,1473,0,2,2,0.000359,1,1,1,0,0,2,2,0
342768115,1,,Polk County Democrats,3518,2364,1,2,3,0.000468,1,1,1,0.000002,1,2,3,0
54664912,1,,SSmith,7,157,0,6,6,0.000359,3,0.590909,0.705128,0,0,6,6,0
24715018,0,,Stephen Crowley,8659,1741,1,1,2,0.00041,1,1,1,0.000001,1,1,2,0
533367178,1,,Dr Nancy Drew,476,4763,0,1,1,0.000359,1,1,1,0,0,1,1,0
2458567464,0,,Sylvia Burwell,169997,172,0,1,1,0.000359,1,1,1,0,0,1,1,0
95463107,0,,Charlie Sykes,233422,5415,2,0,2,0.000844,0,0,0,0,2,0,2,0
76936279,0,,Justin Higgins,26944,0,1,0,1,0.000395,0,0,0,0,1,0,1,0
13524182,0,,Dave Weigel,537404,11669,1,0,1,0.000541,0,0,0,0,1,0,1,0
217064621,0,,Simon Maloy,54368,1060,2,0,2,0.000848,0,0,0,0,2,0,2,0
1298409379834675202,1,,Jaylee Brunner,1,20,0,7,7,0.000359,2,0.888889,0.9375,0,0,7,7,0
223598619,0,,Lynn Hall,148,864,0,1,1,0.000359,1,1,1,0,0,1,1,0
360961711,0,,Mike Medina,330,1211,0,1,1,0.000359,1,1,1,0,0,1,1,0
1179340454086750209,1,,Kerim ZORLU,18,272,0,7,7,0.000359,4,0.518519,0.690476,0,0,7,7,0
52613032,0,,Alison Brie,896771,378,1,0,1,0.000391,0,0,0,0,1,0,1,0
1025580806922633216,1,,V I Q A S :fire:,68,36,1,0,1,0.000399,0,0,0,0,1,0,1,0
996714062636572672,0,,Polaris Sports,22543,131,1,0,1,0.000521,0,0,0,0,1,0,1,0
43705720,0,,"S.Suresh Kumar, Minister - Govt of Karnataka",177240,204,0,4,4,0.000359,2,0.833333,0.9,0,0,4,4,0
814122737790685184,1,,Shubham Malu,47,223,0,2,2,0.000359,1,1,1,0,0,2,2,0
1088748224280698880,1,,Pranay Khaire,7,209,0,4,4,0.000359,3,0.538462,0.619048,0,0,4,4,0
279928610,0,,aLexBY11,5467064,132,1,0,1,0.000399,0,0,0,0,1,0,1,0
463222349,0,,Halil Kantarcı,22042,1559,1,0,1,0.000405,0,0,0,0,1,0,1,0
131546062,0,,Rick Scott,332840,2768,1,0,1,0.000735,0,0,0,0,1,0,1,0
2807792942,1,,AeroDork,23734,794,1,0,1,0.000425,0,0,0,0,1,0,1,0
86390214,0,,Wikipedia,536114,545,3,0,3,0.000553,0,0,0,0,3,0,3,0
1285162198663217152,1,,stock trading ideas,5,10,0,2,2,0.000359,3,0.48,0.541667,0,0,2,2,0
21108221,0,,Luis Guzman,430,2918,0,1,1,0.000359,1,1,1,0,0,1,1,0
859816394556284929,0,,The Boring Company,398388,5,0,4,4,0.000359,3,0.541667,0.628205,0,0,4,4,0.083333
1631379967,0,,Ingrid Zippe,15,156,0,1,1,0.000359,1,1,1,0,0,1,1,0
20292942,0,,Android and Me,502891,2070,1,0,1,0.000405,0,0,0,0,1,0,1,0
245331115,0,,Yunus Emre Erdölen,10921,1219,1,0,1,0.000405,0,0,0,0,1,0,1,0
255855227,0,,Jimmy DiResta,27704,1571,2,0,2,0.000748,0,0,0,0,2,0,2,0
398306220,0,,elrubius 금발 남자,15078339,673,1,0,1,0.000399,0,0,0,0,1,0,1,0
2173410805,1,,Tate Meyer,241,127,0,1,1,0.000359,1,1,1,0,0,1,1,0
2930582733,1,,Mateo Bohorquez Rodr,3,61,0,4,4,0.000359,3,0.545455,0.638889,0,0,4,4,0
113130846,1,,Y Combinator,1077819,303,2,0,2,0.000888,0,0,0,0,2,0,2,0
1935742783,0,,Ciro Gómez Leyva,1068215,356,1,0,1,0.000521,0,0,0,0,1,0,1,0
361315016,0,,Ajinkya Rahane,5797575,83,1,0,1,0.000521,0,0,0,0,1,0,1,0
1173607748161953793,1,,Hydin:globe_showing_Europe-Africa:,915,1457,0,1,1,0.000359,1,1,1,0,0,1,1,0
23504870,0,,South Park,2974954,248,2,8,10,0.00079,1,1,1,0.000005,2,8,10,0
1409082714,0,,Janne Mikkonen,73368,468,1,0,1,0.00044,0,0,0,0,1,0,1,0
3412281493,0,,bbno$ :baby::prohibited::money_bag:,183947,213,1,0,1,0.000467,0,0,0,0,1,0,1,0
1221787397718859777,0,,Jipy_lin,12715,65,1,0,1,0.000405,0,0,0,0,1,0,1,0
746074493768994816,1,,SMC Commander,4192,69,0,3,3,0.000359,1,1,1,0,0,3,3,0
11666142,0,,Joshua Topolsky,155662,1038,1,0,1,0.000405,0,0,0,0,1,0,1,0
1298471485510692865,0,,TECHECOLED,0,102,0,3,3,0.000359,1,1,1,0,0,3,3,0
14922225,0,,Ubisoft,7885414,614,2,0,2,0.00061,0,0,0,0,2,0,2,0
180463340,0,,Game of Thrones,8236416,38557,2,0,2,0.000556,0,0,0,0,2,0,2,0
2421753757,1,,"SKYS Co.,Ltd.",960,0,1,0,1,0.000585,0,0,0,0,1,0,1,0
49108476,1,,Yago,36110,1469,1,0,1,0.000467,0,0,0,0,1,0,1,0
1298491929512906758,1,,E2 Ubaid.,3,10,0,8,8,0.000359,2,0.9,0.944444,0,0,8,8,0.035714
19404869,0,,AECOM,79626,636,1,1,2,0.000418,1,1,1,0.000001,1,1,2,0
1150684606795878400,0,,むすび,98,137,0,1,1,0.000359,3,0.5,0.555556,0,0,1,1,0
1298159340747132935,0,,Nj Bokap's,14,194,0,4,4,0.000359,1,1,1,0,0,4,4,0
1278681167894478848,1,,Dr_prem07,1,73,0,4,4,0.000359,2,0.75,0.833333,0,0,4,4,0
1253869484332462080,0,,Alemay,2,105,0,2,2,0.000359,1,1,1,0,0,2,2,0
1042967805828579329,0,,John Lundstedt,65,89,0,1,1,0.000359,1,1,1,0,0,1,1,0
810807621380931584,1,,Benim Hocam,14628,35,1,0,1,0.000405,0,0,0,0,1,0,1,0
17060015,0,,CleanTechnica,146743,167,1,0,1,0.00044,0,0,0,0,1,0,1,0
452155423,0,,Real Madrid C.F. :United_Kingdom::United_States:,11556133,59,1,0,1,0.00044,0,0,0,0,1,0,1,0
1217358928947712000,0,,hsjp,13,639,0,3,3,0.000359,1,1,1,0,0,3,3,0
3356531254,1,,Internet of Shit,430801,239,1,0,1,0.000425,0,0,0,0,1,0,1,0
106597684,0,,US Navy SEALs,542243,94,1,0,1,0.000682,0,0,0,0,1,0,1,0
3000849148,1,,Derek Davis,1359,464,1,0,1,0.000468,0,0,0,0,1,0,1,0
360142643,1,,rev1akarevvie,76,637,0,1,1,0.000359,1,1,1,0,0,1,1,0
183749519,0,,Paul Graham,1220331,577,1,0,1,0.000521,0,0,0,0,1,0,1,0
28184452,0,,NASA Marshall,376885,791,1,0,1,0.000467,0,0,0,0,1,0,1,0
4783690002,0,,DeepMind,331552,116,2,0,2,0.00079,0,0,0,0,2,0,2,0
253167239,0,,Goldman Sachs,809870,106,2,0,2,0.000533,0,0,0,0,2,0,2,0
38271276,0,,Matt Taibbi,463670,4005,3,0,3,0.000881,0,0,0,0,3,0,3,0
45022448,0,,James Anderson,1039361,613,1,0,1,0.000521,0,0,0,0,1,0,1,0
621523,0,,BBC Business,1950906,312,1,0,1,0.000467,0,0,0,0,1,0,1,0
740903,0,,Katerina Ang,4572,3055,1,0,1,0.000468,0,0,0,0,1,0,1,0
1174721266374234112,0,,重生之我是vv,12254,25,1,0,1,0.000405,0,0,0,0,1,0,1,0
73387846,0,,Erk Acarer,325949,1177,1,1,2,0.000405,2,0.666667,0.75,0.000001,1,1,2,0
3198615740,1,,Itoo Aadil (ایتو عادل),186,165,2,1,3,0.000579,1,1,1,0.000001,2,1,3,0.166667
1285077277630504960,1,,bruh,0,38,0,3,3,0.000359,1,1,1,0,0,3,3,0
1031441605,0,,Grant Maxwell,26956,320,1,1,2,0.000468,1,1,1,0.000001,1,1,2,0
1297767180264710145,0,,Santy,1,27,0,8,8,0.000359,1,1,1,0,0,8,8,0
201909764,0,,ivan,14,24,0,1,1,0.000359,3,0.5,0.555556,0,0,1,1,0
2570728027,1,,Krushna Pawar,19,426,0,3,3,0.000359,1,1,1,0,0,3,3,0
1003072341633482752,0,,京大生ホステス:ear_of_corn:灯諸こしき,9595,99,1,0,1,0.000585,0,0,0,0,1,0,1,0
48107626,0,,Amanda Patterson,901,548,1,1,2,0.000468,1,1,1,0.000001,1,1,2,0
115719364,1,,パルナス,676,263,1,0,1,0.000585,0,0,0,0,1,0,1,0
108382988,0,,Radiohead,1900162,9,1,0,1,0.000521,0,0,0,0,1,0,1,0
1053701536927207424,1,,Nonso,68,247,0,1,1,0.000359,1,1,1,0,0,1,1,0
47599026,1,,Shreya Rao,36,35,0,3,3,0.000359,1,1,1,0,0,3,3,0
148248527,0,,Mohanlal,6121197,142,1,0,1,0.000424,0,0,0,0,1,0,1,0
1191755781340663808,1,,Sharath Yadav,0,67,0,4,4,0.000359,5,0.310769,0.341419,0,0,4,4,0
4230101712,0,,じゃがりきん,25132,5933,2,4,6,0.001005,2,0.833333,0.9,0.000003,2,4,6,0
41777199,0,,Carl Pei,269115,758,1,0,1,0.000391,0,0,0,0,1,0,1,0
18458348,0,,IU Bloomington,217128,656,1,0,1,0.000418,0,0,0,0,1,0,1,0
1283054869121835010,0,,chuck,3,154,0,2,2,0.000359,1,1,1,0,0,2,2,0
1169370994957594628,0,,殷雪,15054,1,1,0,1,0.000405,0,0,0,0,1,0,1,0
4629135316,1,,USA_Hyperloop,447,1469,1,0,1,0.000418,0,0,0,0,1,0,1,0
1112730438,1,,Caleb Price ✭:circus_tent::white_flag:,131,241,0,1,1,0.000359,1,1,1,0,0,1,1,0
1230968655116148736,1,,Iago,2,100,0,1,1,0.000359,1,1,1,0,0,1,1,0
1961333743,1,,Diogenes,50790,1073,1,0,1,0.000682,0,0,0,0,1,0,1,0
17874544,0,,Twitter Support,6393613,17,0,1,1,0.000359,1,1,1,0,0,1,1,0
20562637,0,,Business Insider,3069497,315,3,0,3,0.000589,0,0,0,0,3,0,3,0
2857371197,1,,Dandani Boois,5,45,0,2,2,0.000359,1,1,1,0,0,2,2,0
122556667,0,,Mangel,6403802,859,2,0,2,0.000507,0,0,0,0,2,0,2,0
21886824,1,,Mike Meyer,29,266,0,1,1,0.000359,1,1,1,0,0,1,1,0
17781165,0,,NASA Exoplanets,691677,166,1,0,1,0.000467,0,0,0,0,1,0,1,0
42226885,0,,Vinod Khosla,516123,376,1,0,1,0.000682,0,0,0,0,1,0,1,0
15110357,0,,Reuters Business,2147844,243,1,0,1,0.000467,0,0,0,0,1,0,1,0
1654188770,1,,Hyperloop,199930,94,2,8,10,0.000521,2,0.833333,0.9,0.000006,2,8,10,0.011111
7093352,0,,Dr. Kiki Sanford,189733,6266,1,0,1,0.000742,0,0,0,0,1,0,1,0
1170558037251067904,0,,色女,17228,89,1,0,1,0.000405,0,0,0,0,1,0,1,0
861667040658063364,0,,Chris Cassidy,65229,19,0,1,1,0.000359,1,1,1,0,0,1,1,0
243418245,0,,Jim Bridenstine,243103,528,1,0,1,0.000742,0,0,0,0,1,0,1,0
1153286729555537921,1,,在人前羞耻的露出裸体:kiss_mark:,98370,198,1,0,1,0.000405,0,0,0,0,1,0,1,0
250618026,0,,Berkant Gültekin,30801,1405,1,1,2,0.000405,3,0.444444,0.541667,0.000001,1,1,2,0
994335752312979463,0,,Mikal Bridges,22493,270,1,0,1,0.000682,0,0,0,0,1,0,1,0
15585350,0,,University of Miami,93824,460,1,1,2,0.000418,1,1,1,0.000001,1,1,2,0
46424039,0,,Guitar Hero,72760,4549,1,0,1,0.000448,0,0,0,0,1,0,1,0
315465682,0,,Smarter Every Day,288012,846,1,1,2,0.000425,1,1,1,0.000001,1,1,2,0
1027688366328958977,0,,Dragon Ball Super,116640,55,1,0,1,0.000399,0,0,0,0,1,0,1,0
9533042,0,,BrendanEich,137241,1086,1,0,1,0.000405,0,0,0,0,1,0,1,0
2860155693,1,,Anantha Krishna,7,271,0,1,1,0.000359,2,0.6,0.666667,0,0,1,1,0
717685932342661120,0,,高橋しょう子,419447,1105,1,0,1,0.000405,0,0,0,0,1,0,1,0
14140256,1,,Brij Patel,208,371,1,1,2,0.000468,1,1,1,0.000001,1,1,2,0
775834922816679936,1,,South Park,3673,0,1,0,1,0.000448,0,0,0,0,1,0,1,0
914934805,1,,Aslu,6,80,0,3,3,0.000359,1,1,1,0,0,3,3,0
20600214,0,,National Guard,155830,472,1,0,1,0.000448,0,0,0,0,1,0,1,0
3024098055,0,,Brian Lozada,582,2204,0,1,1,0.000359,1,1,1,0,0,1,1,0
788546485470261248,0,,Just a freak,192,172,0,1,1,0.000359,1,1,1,0,0,1,1,0
40940457,0,,University of Oregon,143652,11841,1,0,1,0.000418,0,0,0,0,1,0,1,0
2907774137,1,,Archillect,2155501,1,2,0,2,0.000748,0,0,0,0,2,0,2,0
1267814818787889152,0,,FrequentJam81,5,36,0,1,1,0.000359,2,0.529412,0.555556,0,0,1,1,0
135731031,1,,Harmony Zhou,13,496,0,1,1,0.000359,1,1,1,0,0,1,1,0
1013204313026555908,0,,Prof. Dr. Bengi BAŞER,91434,438,1,1,2,0.000405,1,1,1,0,1,1,2,0
307577818,0,,Jordi Wild,2459641,327,1,0,1,0.000399,0,0,0,0,1,0,1,0
1298359661540913153,0,,Melvin Eldhose,0,24,0,5,5,0.000359,1,1,1,0,0,5,5,0
297613728,1,,Biscuit Face,87,316,1,0,1,0.000419,0,0,0,0,1,0,1,0
157934715,0,,luana,6286,1107,1,0,1,0.000477,0,0,0,0,1,0,1,0
391273781,0,,Shannon McFarlane:rainbow:,543,266,0,6,6,0.000359,2,0.75,0.833333,0,0,6,6,0
403245020,0,,Luke Hemmings,10367720,19795,1,6,7,0.000789,2,0.875,0.928571,0.000002,1,6,7,0
19405774,0,,"#GangGreen",1785620,2362,0,8,8,0.000359,2,0.833333,0.9,0,0,8,8,0
1007170178,0,,laura haselton,198,82,0,2,2,0.000359,2,0.75,0.833333,0,0,2,2,0
82319018,0,,AY COMEDIAN,1639710,12579,1,0,1,0.000682,0,0,0,0,1,0,1,0
788206354553069568,1,,:yellow_heart:Lover:yellow_heart:,202,277,0,1,1,0.000359,1,1,1,0,0,1,1,0
65045121,0,,Owen Jones :rose:,1008995,5732,1,0,1,0.000399,0,0,0,0,1,0,1,0
285822339,1,,alex dunne,69,124,1,0,1,0.000419,0,0,0,0,1,0,1,0
637313893,0,,G-DRAGON,8755215,8,0,1,1,0.000359,1,1,1,0,0,1,1,0
236377257,1,,EBRO In The Morning,86311,17399,1,0,1,0.000399,0,0,0,0,1,0,1,0
797846013948153856,1,,Kurshida Mwarabu,42,535,0,1,1,0.000359,1,1,1,0,0,1,1,0
2858807777,0,,Antonio Banderas,754720,789,1,2,3,0.000426,1,1,1,0.000001,1,2,3,0
248031989,1,,pls michael,9559,2481,1,0,1,0.000477,0,0,0,0,1,0,1,0
1256743203858001920,1,,ken:sauropod:,468,458,0,1,1,0.000359,1,1,1,0,0,1,1,0
16325053,0,,内古閑智之［CHP］,15087,1193,1,0,1,0.000405,0,0,0,0,1,0,1,0
2950971280,0,,paris smith,10,189,0,2,2,0.000359,1,1,1,0,0,2,2,0
268439864,0,,Christina Aguilera,16923981,29,3,0,3,0.000914,0,0,0,0,3,0,3,0
1013988168541069318,1,,Deanna Banquer,40,817,0,1,1,0.000359,1,1,1,0,0,1,1,0
1271937241057812480,0,,Sammy_Young__,1227,2830,1,0,1,0.000391,0,0,0,0,1,0,1,0
107436986,0,,Shania Twain :gem_stone:,938261,550,1,3,4,0.000413,1,1,1,0.000001,1,3,4,0
1269138506376495104,1,,RYDE79,54,1210,0,1,1,0.000359,1,1,1,0,0,1,1,0
21795016,1,,Emily Holt,920,118,0,1,1,0.000359,1,1,1,0,0,1,1,0
1259224143549079553,1,,SimpleThingsxo,1,53,0,1,1,0.000359,1,1,1,0,0,1,1,0
2202704605,0,,KKBOX Japan,21933,491,1,0,1,0.000405,0,0,0,0,1,0,1,0
28987332,0,,Nicky Romero,2682179,896,1,0,1,0.000405,0,0,0,0,1,0,1,0
1217199382153420800,1,,ashley,4,14,0,1,1,0.000359,1,1,1,0,0,1,1,0
871831083503030272,0,,Angie Da Cruz,319,942,0,8,8,0.000359,1,1,1,0,0,8,8,0
31080039,0,,Lena Dunham,5421129,876,2,0,2,0.000704,0,0,0,0,2,0,2,0
132104833,0,,Runtown,1342551,1119,0,2,2,0.000359,2,0.75,0.833333,0,0,2,2,0
20007813,0,,Katie,7,15,0,3,3,0.000359,3,0.482759,0.559524,0,0,3,3,0
19110928,0,,Kano,321523,192,2,0,2,0.000765,0,0,0,0,2,0,2,0
496512430,0,,Finnebassen,5755,260,1,1,2,0.000391,1,1,1,0,1,1,2,0
1172219929225027584,1,,DiDi,1487,1806,1,0,1,0.000391,0,0,0,0,1,0,1,0
239112729,0,,Youssef,8867,255,1,1,2,0.000399,1,1,1,0,1,1,2,0
27855816,0,,Julia Hardy :rainbow:,46259,1657,1,0,1,0.000405,0,0,0,0,1,0,1,0
216299334,0,,Piers Morgan,7650215,2037,2,0,2,0.000564,0,0,0,0,2,0,2,0
45629519,0,,Kevin Saunderson,61890,1460,1,0,1,0.000391,0,0,0,0,1,0,1,0
1270517861791019008,1,,sublingo,33,129,0,1,1,0.000359,1,1,1,0,0,1,1,0
77684991,1,,Charlotte Stokely :honeybee:,192720,64273,1,0,1,0.000399,0,0,0,0,1,0,1,0
31328425,0,,PATRICKSTARRR,604871,836,0,1,1,0.000359,1,1,1,0,0,1,1,0
824133056864940032,1,,precious  mike,9,81,1,0,1,0.000453,0,0,0,0,1,0,1,0
205343299,0,,ᏞᎪURA PRADELSKA,9318,911,1,0,1,0.000399,0,0,0,0,1,0,1,0
1263155127717965824,1,,Shelby,34,96,0,2,2,0.000359,1,1,1,0,0,2,2,0
17711046,0,,Pixie Lott,1461977,8059,1,0,1,0.000467,0,0,0,0,1,0,1,0
2230220556,0,,Espa,4060,365,1,0,1,0.000391,0,0,0,0,1,0,1,0
996166008,1,,ashley,205,198,0,3,3,0.000359,1,1,1,0,0,3,3,0
47136401,1,,hannah cooper,86,131,1,1,2,0.000419,1,1,1,0.000001,1,1,2,0
1093468545521012736,1,,Dewy-eyed:rose:,1655,1912,1,1,2,0.000391,1,1,1,0,1,1,2,0
2521696288,1,,Igboanusi Ruth:shield::shield::shield:,204,1345,0,3,3,0.000359,1,1,1,0,0,3,3,0
18867311,1,,The Blue Walrus,11457,2541,1,0,1,0.000419,0,0,0,0,1,0,1,0
2467992500,1,,US BTS ARMY ⁷,625099,240,0,1,1,0.000359,2,0.666667,0.75,0,0,1,1,0
2684702992,1,,Pedro Rosales,29,167,1,0,1,0.000399,0,0,0,0,1,0,1,0
1031452291092684800,0,,Dee,958,889,1,0,1,0.000391,0,0,0,0,1,0,1,0
21758143,0,,Maverick Sabre,157299,1032,2,0,2,0.000757,0,0,0,0,2,0,2,0
2787834637,1,,kayayoga,57,233,0,1,1,0.000359,1,1,1,0,0,1,1,0
168683422,0,,BigHit Entertainment,16097958,28,3,0,3,0.001474,0,0,0,0,3,0,3,0
1224101197621219328,0,,DadoWho?,24,413,0,1,1,0.000359,1,1,1,0,0,1,1,0
958748014587383808,1,,Stephen,369,9,1,1,2,0.000399,1,1,1,0,1,1,2,0
861643695430524929,1,,:sweat_droplets::fleur-de-lis::Nigeria:KAASH :Ghana::fleur-de-lis::sweat_droplets:,4299,2957,1,0,1,0.000391,0,0,0,0,1,0,1,0
2588022345,1,,Payolas,313,689,0,10,10,0.000359,2,0.8125,0.884615,0,0,10,10,0
264654147,1,,ANDREW_AI,2200,4377,1,2,3,0.000453,1,1,1,0.000001,1,2,3,0
35818363,1,,Forward PR:trade_mark:,54177,7352,1,0,1,0.000399,0,0,0,0,1,0,1,0
1156160934366203904,0,,Vsy,41,73,0,2,2,0.000359,2,0.75,0.833333,0,0,2,2,0
1033527924,1,,Zoe Foster,528,322,1,0,1,0.000413,0,0,0,0,1,0,1,0
996151208,0,,Game of War,79440,10,1,1,2,0.000477,1,1,1,0.000001,1,1,2,0
925889023742156800,0,,Anna,4613,2,1,1,2,0.000426,3,0.464286,0.5,0,1,1,2,0
884497498605268994,1,,Taonga Kamanga,9,197,0,1,1,0.000359,2,0.666667,0.75,0,0,1,1,0
1297163528923680768,1,,Marijana Mićić,22,142,0,1,1,0.000359,1,1,1,0,0,1,1,0
574594956,1,,Men Style Fashion,200163,22443,1,0,1,0.000399,0,0,0,0,1,0,1,0
216495307,0,,Honest Mum,44580,13099,1,2,3,0.000419,1,1,1,0.000001,1,2,3,0
41842907,0,,Arika Kane:trade_mark:,157010,62115,1,0,1,0.000413,0,0,0,0,1,0,1,0
27247619,0,,Rachel Simpson,112,75,1,7,8,0.000467,2,0.733333,0.818182,0.000003,1,7,8,0
86422542,0,,Milla Jovovich,1330373,2749,1,0,1,0.000426,0,0,0,0,1,0,1,0
37945489,0,,Caroline de Maigret,104446,1188,0,1,1,0.000359,1,1,1,0,0,1,1,0
2889235817,1,,:blue_heart::black_heart:MeganRose:black_heart::blue_heart:,527,1862,1,0,1,0.000477,0,0,0,0,1,0,1,0
604801801,0,,z,2789,276,1,0,1,0.000477,0,0,0,0,1,0,1,0
66857043,0,,IG: @official2baba,2958576,4267,1,0,1,0.000711,0,0,0,0,1,0,1,0
94588930,0,,lauren lo sung,5709,974,1,0,1,0.000391,0,0,0,0,1,0,1,0
3247835011,0,,ドールズフロントライン公式,313742,98,1,0,1,0.000405,0,0,0,0,1,0,1,0
1159519602109505536,1,,Cindy_edgarTacha's warrior:trident_emblem::trident_emblem:,35,115,0,1,1,0.000359,1,1,1,0,0,1,1,0
1096726677315612673,1,,YUSUPH A.O,4215,4876,1,0,1,0.000391,0,0,0,0,1,0,1,0
1030822758660427776,1,,HG2 GENIUS SOLDIERS FANBASE,489,215,1,1,2,0.000391,1,1,1,0,1,1,2,0
87301324,1,,Janaya Cowie,2559,1678,1,0,1,0.000711,0,0,0,0,1,0,1,0
1267467898144112640,1,,"#Rosy123#",31,99,1,5,6,0.000521,2,0.727273,0.8125,0.000002,1,5,6,0
1284987329933910018,0,,officialtedy_pink,7,27,0,2,2,0.000359,3,0.47619,0.55,0,0,2,2,0
31173122,1,,Rachel Murtagh,90,136,1,1,2,0.000419,1,1,1,0.000001,1,1,2,0
278059361,0,,:peace_symbol: Sophie :peace_symbol:,880234,1277,1,0,1,0.000413,0,0,0,0,1,0,1,0
17579312,0,,Tony Schwartz,267466,314,1,0,1,0.000482,0,0,0,0,1,0,1,0
1289034845767729153,0,,Pedro,11,305,1,0,1,0.000399,0,0,0,0,1,0,1,0
27042513,0,,Hugh Jackman,14263621,10,1,0,1,0.000391,0,0,0,0,1,0,1,0
68758745,0,,Warren Sharp,182175,755,1,0,1,0.000521,0,0,0,0,1,0,1,0
23605284,0,,Interview Magazine,282356,243,1,1,2,0.000426,1,1,1,0.000001,1,1,2,0
1024459045355315200,1,,Fibbs:Nigeria:,754,729,1,0,1,0.000391,0,0,0,0,1,0,1,0
15251613,0,,Peter Robinson,226821,1756,1,0,1,0.000405,0,0,0,0,1,0,1,0
1126749496082223104,0,,BIGHIT OFFICIAL MERCH,1948616,7,1,1,2,0.000521,1,1,1,0,1,1,2,0
43554463,0,,Alex Hoffman,6293,994,1,1,2,0.000405,1,1,1,0,1,1,2,0
181561712,0,,Harry Styles.,35281570,1904,3,0,3,0.001221,0,0,0,0,3,0,3,0
47645546,0,,Audi UK,219008,442,1,0,1,0.000426,0,0,0,0,1,0,1,0
923357892673028097,0,,BT21 Japan Official,1641889,6,1,1,2,0.000682,1,1,1,0,1,1,2,0
2216375017,0,,ʂơყ ɱąཞıɬʑą,1444,93,1,0,1,0.000399,0,0,0,0,1,0,1,0
226919004,0,,Clara Amfo,64613,2830,0,7,7,0.000359,2,0.818182,0.888889,0,0,7,7,0
1254250966624301056,1,,Ryo's Kitchen,360,2125,0,1,1,0.000359,1,1,1,0,0,1,1,0
19826509,1,,Open Culture,441932,999,2,0,2,0.001047,0,0,0,0,2,0,2,0
19211694,0,,Natalie ♔ Gauvreau,296063,29,1,0,1,0.000399,0,0,0,0,1,0,1,0
1199674071153348626,1,,I don't remember :trident_emblem::Nigeria::Germany:,1378,771,1,0,1,0.000453,0,0,0,0,1,0,1,0
146098362,0,,Riko Dan,15952,960,1,1,2,0.000391,1,1,1,0,1,1,2,0
15607482,1,,PocketFullofSunshine:sun:,202,396,0,1,1,0.000359,1,1,1,0,0,1,1,0
1073150407319289856,0,,Swich,3,110,0,7,7,0.000359,1,1,1,0,0,7,7,0
101825544,0,,Basketmouth,2023465,3636,0,1,1,0.000359,1,1,1,0,0,1,1,0
106797195,0,,Whinnie Williams,17579,6058,1,0,1,0.000426,0,0,0,0,1,0,1,0
1087760543451090944,1,,Sara Silveira,46,307,0,1,1,0.000359,1,1,1,0,0,1,1,0
18038269,0,,The FADER,673242,1963,1,0,1,0.000399,0,0,0,0,1,0,1,0
608615938,0,,Gorgon City,89139,1091,0,10,10,0.000359,3,0.695652,0.802083,0,0,10,10,0
789393170601644032,1,,Shanelle,68,150,0,1,1,0.000359,1,1,1,0,0,1,1,0
2735062908,1,,Darragh Quinn,122,956,0,2,2,0.000359,1,1,1,0,0,2,2,0
28221296,0,,Saturday Night Live - SNL,2816437,652,2,0,2,0.001103,0,0,0,0,2,0,2,0
2281038372,0,,LANY,593349,78,1,0,1,0.000405,0,0,0,0,1,0,1,0
1265312285985251330,1,,jude rosenberg,13,357,0,1,1,0.000359,1,1,1,0,0,1,1,0
305514619,0,,Kiehl's UK & Ireland,20564,788,1,0,1,0.000399,0,0,0,0,1,0,1,0
55442973,0,,F.L.O.W. :chequered_flag::black_heart:,47249,2251,1,0,1,0.000521,0,0,0,0,1,0,1,0
77692824,0,,Rudimental,561361,457,1,0,1,0.000391,0,0,0,0,1,0,1,0
15834279,1,,Academy Class,2979,2516,1,0,1,0.000419,0,0,0,0,1,0,1,0
28076276,0,,Jason Derulo,3777270,13381,1,0,1,0.000413,0,0,0,0,1,0,1,0
1103708226107965445,1,,Iby Peter :trident_emblem::trident_emblem::trident_emblem:,337,244,0,1,1,0.000359,1,1,1,0,0,1,1,0
1292179730318397440,1,,Royallebelleza,4,35,0,1,1,0.000359,2,0.666667,0.75,0,0,1,1,0
257590445,0,,Ana Claudia,146,450,1,0,1,0.000399,0,0,0,0,1,0,1,0
90774609,0,,Tiffany & Co.,1631463,123,0,1,1,0.000359,1,1,1,0,0,1,1,0
98878309,0,,SII,85324,109,1,0,1,0.000399,0,0,0,0,1,0,1,0
829300368454594561,1,,CUTESEMI:purple_heart::kiss_mark::ribbon:,2355,2092,1,0,1,0.000453,0,0,0,0,1,0,1,0
2564393420,1,,nightbass,15214,275,1,0,1,0.000391,0,0,0,0,1,0,1,0
199789270,0,,Josh Record,12599,571,1,0,1,0.000391,0,0,0,0,1,0,1,0
37396210,0,,ART YOB,47217,1067,1,0,1,0.000399,0,0,0,0,1,0,1,0
18979204,1,,Vanessa Laker,663,387,1,1,2,0.000405,1,1,1,0,1,1,2,0
1285577965590310912,0,,Chris Reeves,1,740,0,3,3,0.000359,1,1,1,0,0,3,3,0
1059325677202157568,0,,TXT JAPAN OFFICIAL,880847,3,0,1,1,0.000359,1,1,1,0,0,1,1,0
960340787782299648,0,,ロボ子さん:robot:ホロライブ0期生@２２日30万人記念歌ライブ:microphone:,238865,1714,1,0,1,0.000405,0,0,0,0,1,0,1,0
50246444,0,,Yung denzL,1659533,8669,2,0,2,0.00079,0,0,0,0,2,0,2,0
1878450026,0,,BTS JAPAN OFFICIAL,8054422,4,1,0,1,0.000973,0,0,0,0,1,0,1,0
310172617,0,,Luke Evans,493439,629,1,10,11,0.000742,2,0.8125,0.884615,0.000004,1,10,11,0
546995355,1,,winston jay,223,534,0,1,1,0.000359,1,1,1,0,0,1,1,0
4375041622,0,,TEKNOOFFICIAL,1230770,162,1,0,1,0.000767,0,0,0,0,1,0,1,0
172589611,0,,nah,2078,690,0,2,2,0.000359,1,1,1,0,0,2,2,0
1094136358296264704,1,,Ch3f_Tom,443,550,1,0,1,0.000391,0,0,0,0,1,0,1,0
143522752,0,,SAINt,50066,131,1,2,3,0.000391,2,0.75,0.833333,0.000001,1,2,3,0
107836802,0,,Coco,7678,1681,1,0,1,0.000405,0,0,0,0,1,0,1,0
1119763877825105920,1,,Santika Sari,13,131,0,1,1,0.000359,1,1,1,0,0,1,1,0
611949377,0,,X Gilbs,65,140,0,1,1,0.000359,1,1,1,0,0,1,1,0
1145497867496427520,0,,Official Symply_tacha BBN FanPage,1233,180,1,1,2,0.000453,1,1,1,0.000001,1,1,2,0
1195387749488103425,0,,out of context brazil,342360,2,1,0,1,0.000391,0,0,0,0,1,0,1,0
719218159,0,,Tessa Brooks,1011428,169,0,2,2,0.000359,1,1,1,0,0,2,2,0
385427709,0,,Fran Kirby,86543,652,1,0,1,0.000465,0,0,0,0,1,0,1,0
764434411031060480,0,,Ibrahima Sow,41,2108,0,1,1,0.000359,1,1,1,0,0,1,1,0
1250939077702156290,1,,gedson,4823,13,0,2,2,0.000359,1,1,1,0,0,2,2,0
404505766,0,,Bomberos Municipales,350122,92,0,2,2,0.000359,1,1,1,0,0,2,2,0
807003567605227520,0,,Amber Heard,147203,156,1,0,1,0.000391,0,0,0,0,1,0,1,0
587463737,0,,hafid derradji حفيظ دراجي,1076814,344,1,1,2,0.000413,1,1,1,0,1,1,2,0
19970426,1,,Dan Maher,25997,2099,0,1,1,0.000359,1,1,1,0,0,1,1,0
60865434,0,,Kaka,29528725,301,1,1,2,0.000413,1,1,1,0,1,1,2,0
18377827,0,,Jorge Sedano,77797,1863,0,1,1,0.000359,2,0.571429,0.625,0,0,1,1,0
1088831114813362176,0,,Mr. Appiah,535,4238,0,1,1,0.000359,1,1,1,0,0,1,1,0
1260327938483986434,1,,ABD_8_X_8,3,127,0,9,9,0.000359,2,0.846154,0.909091,0,0,9,9,0.013889
4415530752,0,,Al bert,52,1178,0,1,1,0.000359,1,1,1,0,0,1,1,0
171711068,0,,David Mccreery,6675,1297,1,0,1,0.000465,0,0,0,0,1,0,1,0
1116468016877850624,0,,Paula Iturriaga,66,243,0,1,1,0.000359,1,1,1,0,0,1,1,0
1298686912262266881,1,,Aymen Bouali,0,57,0,6,6,0.000359,2,0.75,0.833333,0,0,6,6,0
17970094,0,,Tom Segura AKA Mr. Ladybug,581693,1158,1,0,1,0.000521,0,0,0,0,1,0,1,0
849804653307076609,0,,Daequan,1785668,291,1,0,1,0.000467,0,0,0,0,1,0,1,0
330262748,0,,Fabrizio Romano,1357576,815,1,0,1,0.000682,0,0,0,0,1,0,1,0
58139739,0,,Marion Reneau,13542,671,0,1,1,0.000359,1,1,1,0,0,1,1,0
1151470118972665856,0,,Matthijs de Ligt,53281,30,1,0,1,0.000521,0,0,0,0,1,0,1,0
17828988,0,,Ariel Helwani,897218,1886,1,0,1,0.000682,0,0,0,0,1,0,1,0
41147159,0,,Nike Football,3627279,209,2,8,10,0.000939,1,1,1,0.000005,2,8,10,0
720117957,1,,MARISSA HAMPTON,468,64,0,1,1,0.000359,1,1,1,0,0,1,1,0
1259255408,0,,FC Barcelona,422674,67,1,0,1,0.000465,0,0,0,0,1,0,1,0
1295109985278529536,1,,DJ,5,66,0,4,4,0.000359,2,0.75,0.833333,0,0,4,4,0
3107493797,0,,Yacine Brahimi,95001,38,1,1,2,0.000465,2,0.533333,0.5625,0,1,1,2,0
1725137533,0,,Kylian Mbappé,4892171,109,1,1,2,0.000413,1,1,1,0,1,1,2,0
15095537,0,,MARCA,5310229,1622,0,1,1,0.000359,1,1,1,0,0,1,1,0
3615920477,0,,Ingrid Coppock,23,44,0,2,2,0.000359,1,1,1,0,0,2,2,0
889891524,0,,Willard Ahdritz,3033,473,0,1,1,0.000359,3,0.458333,0.5,0,0,1,1,0
192549399,0,,thulani serero,50845,29,1,0,1,0.000465,0,0,0,0,1,0,1,0
4870121943,0,,Angie Costa,200918,133,1,1,2,0.003717,1,1,1,0,1,1,2,0
2550023839,0,,Portugal,867294,256,5,0,5,0.001134,0,0,0,0,5,0,5,0
1208837799358746625,1,,Ugo.c.ugo,62,404,0,1,1,0.000359,1,1,1,0,0,1,1,0
24897626,0,,Rob Perez,577078,486300,2,0,2,0.000844,0,0,0,0,2,0,2,0
1293213842210721794,1,,Sekhar Stylish,9,11,0,2,2,0.000359,1,1,1,0,0,2,2,0
831581366,0,,L.A. Business Journal,5580,1723,0,2,2,0.000359,1,1,1,0,0,2,2,0
1289518598843662336,0,,Temitope,30,428,0,3,3,0.000359,2,0.666667,0.75,0,0,3,3,0
707143369,1,,Josh Heimer,69,118,0,2,2,0.000359,1,1,1,0,0,2,2,0
1651824314,0,,Raul Meireles,266454,40,1,3,4,0.000462,3,0.5625,0.648148,0.000001,1,3,4,0
258926374,0,,Delaney Glazer,29574,732,1,0,1,0.000521,0,0,0,0,1,0,1,0
1234220098124038144,1,,Evelyn,13,371,0,1,1,0.000359,1,1,1,0,0,1,1,0
1298202329536061440,1,,Pujan Chakma,1,40,0,4,4,0.000359,3,0.555556,0.666667,0,0,4,4,0
28631535,0,,نادي الهلال السعودي,9064881,53,2,0,2,0.00075,0,0,0,0,2,0,2,0.5
95610041,0,,Taika Waititi,1169973,733,1,0,1,0.000682,0,0,0,0,1,0,1,0
3269694344,1,,Nicholas Manuma,124,116,0,3,3,0.000359,1,1,1,0,0,3,3,0
1273677793319096322,0,,Austin,5,440,0,1,1,0.000359,1,1,1,0,0,1,1,0
1161482295221661697,0,,belle longwell,67931,100,0,2,2,0.000359,1,1,1,0,0,2,2,0
1265031226064359431,0,,Hassan Mohammed,7,618,0,1,1,0.000359,1,1,1,0,0,1,1,0
759819971140591616,1,,Ali Mobasher,22,233,0,1,1,0.000359,1,1,1,0,0,1,1,0
1269263209757913088,1,,Melah,58,199,0,1,1,0.000359,1,1,1,0,0,1,1,0
2165633652,0,,Melissa Dionicio,11733,443,0,1,1,0.000359,1,1,1,0,0,1,1,0
764182927,0,,Florian Thauvin,921672,229,1,0,1,0.000682,0,0,0,0,1,0,1,0
1275535004274249728,0,,Joanacrpereira,1,98,0,1,1,0.000359,1,1,1,0,0,1,1,0
1169680644,0,,joão sousa :crescent_moon::sparkling_heart:,258426,587,2,0,2,0.000744,0,0,0,0,2,0,2,0.5
340232381,0,,Keita Balde,136118,195,1,0,1,0.000462,0,0,0,0,1,0,1,0
1101315984,0,,Fernando Reges,85894,0,1,0,1,0.000462,0,0,0,0,1,0,1,0
1126899208357855233,1,,S.h.u.a.i.b.u,1,165,0,3,3,0.000359,1,1,1,0,0,3,3,0
1192946702891790336,0,,عبدالمجيد تبون - Abdelmadjid Tebboune,390274,0,1,0,1,0.000413,0,0,0,0,1,0,1,0
376113319,0,,ياسر القحطاني,6495458,202,1,1,2,0.000395,1,1,1,0,1,1,2,0.5
1156338067,0,,Vijay,2702290,0,1,0,1,0.00044,0,0,0,0,1,0,1,0
124450567,0,,Inter,2191990,81,1,0,1,0.000521,0,0,0,0,1,0,1,0
973135445969252352,1,,ben,0,22,0,2,2,0.000359,1,1,1,0,0,2,2,0
2734287414,1,,Vinking,13,512,0,3,3,0.000359,1,1,1,0,0,3,3,0
23613479,0,,Kris Jenner,11312174,257,1,0,1,0.000521,0,0,0,0,1,0,1,0
605778973,1,,Sinéad Farrell,272,704,0,2,2,0.000359,1,1,1,0,0,2,2,0
565752397,0,,علي سعيد الكعبي,1834495,598,1,0,1,0.000395,0,0,0,0,1,0,1,0
3044632922,0,,Morgan Gibbs-White,27799,226,2,1,3,0.000878,1,1,1,0.000002,2,1,3,0.166667
2157651508,0,,Erling Haaland,314106,6,1,0,1,0.000682,0,0,0,0,1,0,1,0
173560092,0,,Johnny Sweet,475,365,0,1,1,0.000359,1,1,1,0,0,1,1,0
1270976269748965378,1,,Nicholas Antwi,2,332,0,2,2,0.000359,1,1,1,0,0,2,2,0
1297161085838077952,0,,Hamza7,10,1157,0,1,1,0.000359,1,1,1,0,0,1,1,0
1022927026691481600,0,,NUMEIRO,131059,245,1,0,1,0.000391,0,0,0,0,1,0,1,0
319769408,0,,giabuchi lastrassi,855057,1257,1,0,1,0.000482,0,0,0,0,1,0,1,0
798880817879650310,0,,Mohammad Al-Omour,20599,154,1,0,1,0.000395,0,0,0,0,1,0,1,0
713221481036193792,0,,Windoh,414947,169,1,1,2,0.000391,1,1,1,0,1,1,2,0.5
1155278697580105734,1,,p.o.p ceiling design works,72,1056,0,1,1,0.000359,1,1,1,0,0,1,1,0
121402638,0,,Tottenham Hotspur,4656096,386,2,0,2,0.000557,0,0,0,0,2,0,2,0
1292511821015011328,0,,Frogy _último Dinossauro,5,115,0,1,1,0.000359,1,1,1,0,0,1,1,0
138655447,0,,Rolake Bamgbose,915,1066,0,1,1,0.000359,2,0.666667,0.75,0,0,1,1,0
1297300372768219136,0,,DJeyPac,5,27,0,1,1,0.000359,1,1,1,0,0,1,1,0
1036770944168194048,0,,Rolê Aleatório,584362,98,2,0,2,0.000553,0,0,0,0,2,0,2,0
17910893,0,,Derek Fisher,940916,221,0,1,1,0.000359,1,1,1,0,0,1,1,0
964514589894434817,0,,Helder Costa,39481,58,1,1,2,0.000462,2,0.666667,0.75,0,1,1,2,0.5
142262635,0,,Copa do Mundo FIFA :trophy:,739868,381,0,1,1,0.000359,1,1,1,0,0,1,1,0
92577188,0,,Eva Chen,138953,502,0,1,1,0.000359,1,1,1,0,0,1,1,0
958814513171779586,0,,Torres:broken_heart:,107779,369,2,1,3,0.003734,1,1,1,0,2,1,3,0
1136764053022543875,1,,o,1,30,0,4,4,0.000359,3,0.538462,0.619048,0,0,4,4,0
1294989199653863436,0,,Aetz Amonda,4,397,0,3,3,0.000359,1,1,1,0,0,3,3,0
1298622122919473153,0,,aashiqumuhammed12@gmail.com,1,48,0,4,4,0.000359,1,1,1,0,0,4,4,0
1243635402847682561,0,,Dareen Michel Sawiris,3,344,0,1,1,0.000359,1,1,1,0,0,1,1,0
805167486127767553,1,,memes i pulled out of my ass,131451,3329,1,0,1,0.000391,0,0,0,0,1,0,1,0
248201406,0,,André Castro,31821,158,1,1,2,0.000462,1,1,1,0,1,1,2,0
189307961,0,,Gabriel Barbosa,2403329,13,0,2,2,0.000359,2,0.555556,0.6,0,0,2,2,0
1092809965679624193,1,,🄲🄰🅂🄸🄾🅂 🄲🅄🅃,1132,94,1,0,1,0.000391,0,0,0,0,1,0,1,0
705912144437649409,1,,alexis,85,55,0,1,1,0.000359,1,1,1,0,0,1,1,0
1288309657845604385,1,,Quabbin Reservoir Residents for Ed Markey,529,294,1,7,8,0.000484,9,0.178886,0.225479,0.000011,1,7,8,0.017857
2297026884,1,,Jack,208,220,1,5,6,0.000682,2,0.857143,0.916667,0.000002,1,5,6,0
2356566228,0,,Naomi Dann,5434,1947,1,0,1,0.000407,0,0,0,0,1,0,1,0
738165350341058560,0,,MissMorgan,1434,1055,1,1,2,0.000436,1,1,1,0.000001,1,1,2,0
29761740,1,,John Walsh,11168,7575,1,0,1,0.000666,0,0,0,0,1,0,1,0
2560430229,1,,L. Inge Carpenter,619,379,1,0,1,0.000407,0,0,0,0,1,0,1,0
717781732578037761,0,,AGirlHasNoPresident,4013,991,1,0,1,0.000399,0,0,0,0,1,0,1,0
1046240483943632897,1,,dadpilled goat,624,796,1,7,8,0.000484,2,0.818182,0.888889,0.000013,1,7,8,0
810513498665086976,1,,Indivisible Austin,8749,1353,1,0,1,0.000426,0,0,0,0,1,0,1,0
2241646376,1,,Josh Gelberger,163,163,1,0,1,0.000482,0,0,0,0,1,0,1,0
1273109335393153031,1,,MA-04 for Markey,450,632,1,2,3,0.000682,1,1,1,0.000001,1,2,3,0
989654189352636416,1,,"#Itiswhatitis”",3816,4159,0,1,1,0.000359,1,1,1,0,0,1,1,0
992616072338690049,0,,Maya Alkanj Jamaleddine,118,29,1,1,2,0.000426,1,1,1,0.000002,1,1,2,0
3760753875,1,,the essential people are demanding a new deal,7640,2632,2,1,3,0.000611,1,1,1,0.000002,2,1,3,0
80617430,0,,Ryan Lizza,262525,3469,2,0,2,0.000813,0,0,0,0,2,0,2,0
30455980,1,,AllianceforCommMedia,1999,919,0,1,1,0.000359,3,0.466667,0.52381,0,0,1,1,0
459483899,0,,Chris Arnade :turtle:,83817,3625,2,0,2,0.000767,0,0,0,0,2,0,2,0
777971022163087360,1,,John Kwasnik,51,62,0,2,2,0.000359,2,0.5625,0.611111,0,0,2,2,0
19263978,0,,Cleveland Cavaliers,3238701,2019,1,0,1,0.000467,0,0,0,0,1,0,1,0
2165705634,1,,dinger szn,61,230,0,2,2,0.000359,2,0.666667,0.75,0,0,2,2,0
158848407,0,,Pauley Perrette,723155,2828,1,0,1,0.000751,0,0,0,0,1,0,1,0
576635322,0,,high quality brown pum pum,2812,947,1,0,1,0.000421,0,0,0,0,1,0,1,0
36789063,1,,Keith Thibault,112,80,1,2,3,0.000432,1,1,1,0.000004,1,2,3,0
936783687194161152,1,,Hope,626,1626,0,1,1,0.000359,1,1,1,0,0,1,1,0
2936051829,1,,Emma Christine,220,162,1,0,1,0.000403,0,0,0,0,1,0,1,0
376878044,1,,Obey:rose:,1475,2803,1,0,1,0.000442,0,0,0,0,1,0,1,0
42817731,0,,Progressive not liberal,4094,5000,1,0,1,0.000403,0,0,0,0,1,0,1,0
2247952680,1,,William L Tunstall,639,4784,0,3,3,0.000359,1,1,1,0,0,3,3,0
45668062,0,,Murr,1040460,1902,1,0,1,0.000391,0,0,0,0,1,0,1,0
71028123,0,,rosanne cash,141657,1435,1,0,1,0.000682,0,0,0,0,1,0,1,0
745820305411584000,1,,"Stay Home, Save Lives",73,141,1,1,2,0.000391,1,1,1,0,1,1,2,0
2848851623,1,,Jon Bernard,1804,79,2,0,2,0.000774,0,0,0,0,2,0,2,0.5
811414973985550336,1,,Movement for a People’s Party,56354,21848,1,0,1,0.000421,0,0,0,0,1,0,1,0
33537967,0,,Amy Klobuchar,1122688,137055,2,0,2,0.000628,0,0,0,0,2,0,2,0
959396048803368960,1,,folklorewhore,184,1250,1,1,2,0.000436,1,1,1,0.000001,1,1,2,0
26800893,1,,TSNE,2091,488,1,0,1,0.000432,0,0,0,0,1,0,1,0
25001016,0,,"Mark Gavin, Sr.",908,2248,1,0,1,0.000426,0,0,0,0,1,0,1,0
1967329470,0,,Broadcast Beat,64268,57198,1,0,1,0.000432,0,0,0,0,1,0,1,0
893660161109348352,0,,Iris,225,488,1,1,2,0.000421,1,1,1,0.000002,1,1,2,0
337325417,0,,Julia Salazar,43999,2456,1,0,1,0.000442,0,0,0,0,1,0,1,0
4562191821,1,,Jaseeka :rose:,1026,3194,1,0,1,0.000442,0,0,0,0,1,0,1,0
804015436979277824,0,,Crooked Media,378373,1,1,1,2,0.000407,5,0.304348,0.321259,0.000147,1,1,2,0
1123368890829029377,0,,Foxy Menagerie Verre,198079,23,1,0,1,0.000391,0,0,0,0,1,0,1,0
4517565515,1,,mr cant spell good,261484,1881,1,0,1,0.000442,0,0,0,0,1,0,1,0
1212784844037447681,1,,clare gardiner,46,77,1,2,3,0.000682,1,1,1,0.000001,1,2,3,0
552186827,1,,Emily Carter :sparkles:,421,746,0,1,1,0.000359,2,0.666667,0.75,0,0,1,1,0
148397910,0,,Claire Sandberg,20817,1353,1,0,1,0.000421,0,0,0,0,1,0,1,0
3331850139,1,,Regi Brittain,67023,66612,0,1,1,0.000359,1,1,1,0,0,1,1,0
344955115,0,,Lewis Black,355881,304,0,1,1,0.000359,1,1,1,0,0,1,1,0
917818982442373123,1,,Disability Rights NY,2232,2819,1,0,1,0.000407,0,0,0,0,1,0,1,0
1088232459844702215,0,,Calla #edgame Walsh,2408,928,0,1,1,0.000359,1,1,1,0,0,1,1,0
66840080,1,,Cam Models,1516,1389,0,1,1,0.000359,1,1,1,0,0,1,1,0
2416465640,0,,Katie Helliwell,60,222,0,3,3,0.000359,1,1,1,0,0,3,3,0
1065449672721031174,1,,ellie,130,120,1,2,3,0.001212,1,1,1,0.000002,1,2,3,0
22162854,0,,Planned Parenthood Action - Text WeDecide to 22422,500663,2409,2,1,3,0.000749,2,0.6,0.666667,0.000007,2,1,3,0
508227095,0,,North Carolina NAACP,23568,1061,1,1,2,0.000407,1,1,1,0.000002,1,1,2,0
143104075,0,,Secular Talk,366675,1104,1,1,2,0.000436,1,1,1,0.000001,1,1,2,0
637196658,0,,Kate Aronoff,67983,1398,1,0,1,0.000682,0,0,0,0,1,0,1,0
15753057,0,,Peter Overby,12521,1592,1,0,1,0.000828,0,0,0,0,1,0,1,0
100220864,0,,Bruno Mars,43110970,96,2,0,2,0.000628,0,0,0,0,2,0,2,0
155899977,0,,La chica liyanga,320,761,1,1,2,0.000436,1,1,1,0.000001,1,1,2,0
703934469,1,,Kristen Elechko,242,438,0,1,1,0.000359,1,1,1,0,0,1,1,0
14534412,1,,tim ryan,1118,1318,0,1,1,0.000359,2,0.666667,0.75,0,0,1,1,0
1129029661,0,,Ed Markey,141029,2899,3,8,11,0.00111,7,0.265602,0.344913,0.00019,3,8,11,0.011111
2948966208,1,,theHobbitSurfer,71,1094,0,8,8,0.000359,2,0.785714,0.863636,0,0,8,8,0
1917731,0,,The Hill,3927704,266,0,1,1,0.000359,1,1,1,0,0,1,1,0
1082334352711790593,0,,Rep. Ilhan Omar,868954,390,3,1,4,0.000887,1,1,1,0.000002,3,1,4,0
713367566,1,,MassAccess,725,704,1,6,7,0.000484,2,0.8,0.875,0.000012,1,6,7,0
41479260,1,,Anna Wong :United_States::rainbow_flag:,1649,3006,1,1,2,0.000426,1,1,1,0.000002,1,1,2,0
1201541381111664640,0,,Seba Sansone,66,117,0,1,1,0.000359,3,0.428571,0.466667,0,0,1,1,0
1170129503873622016,1,,Jeanette (she/her),84,173,1,2,3,0.000421,2,0.75,0.833333,0.000002,1,2,3,0
2938335803,0,,ana kelley,215,579,1,0,1,0.000666,0,0,0,0,1,0,1,0
1240022327464779788,0,,Ninabella,25,112,0,1,1,0.000359,2,0.6,0.666667,0,0,1,1,0
173677727,0,,Simone Biles,1138893,386,1,1,2,0.000391,1,1,1,0,1,1,2,0
1293368666025799680,1,,phineas and ferb go to #edgame,177,112,1,1,2,0.000421,8,0.210345,0.246097,0.000053,1,1,2,0.5
66699013,0,,Jenna :file_folder::open_file_folder:Marbles,5274510,72324,1,0,1,0.000403,0,0,0,0,1,0,1,0
1295694681997807616,1,,Chuck Norris 4 Markey,55,257,0,1,1,0.000359,2,0.6,0.666667,0,0,1,1,0
13142952,1,,rava,1267,1048,1,0,1,0.000421,0,0,0,0,1,0,1,0
1271854808274743297,1,,Bar Exam Tracker,6572,198,1,0,1,0.000407,0,0,0,0,1,0,1,0
91117255,1,,ACMi,532,504,1,0,1,0.000432,0,0,0,0,1,0,1,0
23936865,1,,zayda ortiz,198,236,2,8,10,0.000592,3,0.65,0.782051,0.000024,2,8,10,0
1199719255538905088,1,,la.hechicera,12,87,1,8,9,0.000682,2,0.7,0.785714,0.000004,1,8,9,0
234724266,1,,:cactus:Cactus Patch Kid:cactus:,530,2066,1,0,1,0.000407,0,0,0,0,1,0,1,0
40156330,0,,"Scott Gottlieb, MD",418957,906,1,0,1,0.000421,0,0,0,0,1,0,1,0
850408942664658944,1,,Keith Bernard,152,774,0,1,1,0.000359,1,1,1,0,0,1,1,0
29635094,0,,Michael Webber,595,1783,1,0,1,0.000432,0,0,0,0,1,0,1,0
127398666,0,,Justin Jackson,91078,1781,1,1,2,0.000436,1,1,1,0.000001,1,1,2,0
376499282,0,,"Steve Gleason - ""Embrace the Chaos""",202411,243,1,0,1,0.000751,0,0,0,0,1,0,1,0
1107896723936940032,1,,Devin Nunes' Alt-Mom,108934,4089,1,0,1,0.000391,0,0,0,0,1,0,1,0
168290039,0,,UNI Radio UdelaR,7733,958,1,0,1,0.000436,0,0,0,0,1,0,1,0
1176978592481337352,1,,Sam Dobson,483,652,0,1,1,0.000359,8,0.210767,0.246571,0,0,1,1,0
1170428155720622087,1,,Lauryn Allen,110,202,1,1,2,0.000421,1,1,1,0.000002,1,1,2,0
2361678404,1,,Fight for 15 Florida,5932,4687,1,0,1,0.000407,0,0,0,0,1,0,1,0
421104025,1,,Tightly Wound Jester,24,166,0,10,10,0.000359,3,0.6,0.740741,0,0,10,10,0
764962305578786816,0,,Walter(Owen's Grandp,136468,89,1,2,3,0.000391,2,0.6,0.666667,0.000002,1,2,3,0
1294679136661901313,1,,Mannequins4Markey,172,848,1,0,1,0.000738,0,0,0,0,1,0,1,0
951485909127573505,1,,Trevor Ion :wilted_flower:,697,1147,1,0,1,0.000403,0,0,0,0,1,0,1,0
15474653,1,,Java Joe,411,615,0,2,2,0.000359,1,1,1,0,0,2,2,0
25333609,0,,Hala Gorani,205982,1232,0,1,1,0.000359,1,1,1,0,0,1,1,0
1222323715431714827,0,,Bek Allenson,29,48,0,2,2,0.000359,1,1,1,0,0,2,2,0
785264439272566784,0,,Amanda Robinson,86,97,1,0,1,0.000721,0,0,0,0,1,0,1,0
44039298,0,,Seth Meyers,5026425,816,1,0,1,0.000682,0,0,0,0,1,0,1,0
966313003099590656,1,,Midwest vs Everybody,284597,0,1,0,1,0.000399,0,0,0,0,1,0,1,0
1206762186519064577,0,,John-Paul Deluca,503,1957,1,0,1,0.000421,0,0,0,0,1,0,1,0
1248809525907525639,0,,sam,58,131,1,10,11,0.000484,3,0.714286,0.822222,0.000023,1,10,11,0
838207103852396544,1,,New New York Times,113981,12,1,0,1,0.000721,0,0,0,0,1,0,1,0
94897451,0,,Drama free -2020,1715,3199,1,0,1,0.000426,0,0,0,0,1,0,1,0
961069080605229056,1,,Giancarlo Granda,771,949,2,7,9,0.000645,1,1,1,0.000013,2,7,9,0
435571397,1,,Osita Nwanevu,69793,5098,1,0,1,0.000442,0,0,0,0,1,0,1,0
1052254761267937280,0,,🅐🅡🅨🅐:crossed_swords: :green_heart::purple_heart:,13645,9842,1,0,1,0.000751,0,0,0,0,1,0,1,0
735546744,0,,Clara,351,462,0,1,1,0.000359,1,1,1,0,0,1,1,0
14779015,1,,Charly,153,297,1,1,2,0.000436,1,1,1,0.000001,1,1,2,0
14992591,0,,Washington Wizards,1060129,636,2,0,2,0.000642,0,0,0,0,2,0,2,0
24024778,0,,Kal Penn,604332,387,1,2,3,0.000399,1,1,1,0.000001,1,2,3,0
1490387060,1,,Mike Beirne,326,375,0,1,1,0.000359,1,1,1,0,0,1,1,0
521872315,1,,Carla Lister,373,163,1,1,2,0.000407,1,1,1,0,1,1,2,0.5
1570645560,1,,Daily Hotspur,61496,759,0,1,1,0.000359,1,1,1,0,0,1,1,0
3234266917,0,,emma bedard,242,211,1,1,2,0.000403,1,1,1,0.000002,1,1,2,0
1067473984088879104,0,,Jack Ryan,24,154,0,1,1,0.000359,1,1,1,0,0,1,1,0
148780457,1,,MassEducation,17774,5513,1,0,1,0.000432,0,0,0,0,1,0,1,0
2881331118,1,,Ryley,257,219,2,1,3,0.000948,2,0.666667,0.75,0.000004,2,1,3,0
33747810,0,,Monica Hesse,23592,773,1,1,2,0.000399,1,1,1,0,1,1,2,0
1976143068,0,,Emmanuel Macron,5655663,726,2,0,2,0.000844,0,0,0,0,2,0,2,0
716435110845808641,0,,Brand New Congress,48035,1317,1,1,2,0.000403,1,1,1,0.000002,1,1,2,0
22453233,1,,Elisheva Goldberg,1819,1773,1,1,2,0.000407,1,1,1,0.000002,1,1,2,0
52146755,0,,MythBusters,1464578,15461,1,0,1,0.000682,0,0,0,0,1,0,1,0
1160811348,1,,DJ Rod1,4194,723,0,1,1,0.000359,1,1,1,0,0,1,1,0
2750714856,1,,Garrett O'Keefe,72,68,1,0,1,0.000403,0,0,0,0,1,0,1,0
962554896397537280,1,,Lucky Black Cat,2320,1493,1,0,1,0.000442,0,0,0,0,1,0,1,0
1262155119505833989,1,,Malanding Bojang,15,135,0,3,3,0.000359,4,0.444444,0.53125,0,0,3,3,0
1108544711801925632,1,,lily talerman,517,442,0,2,2,0.000359,2,0.75,0.833333,0,0,2,2,0
26792546,1,,Doug (Wear a Mask) Chavez,373,1181,0,1,1,0.000359,1,1,1,0,0,1,1,0
2530089138,0,,Lizbeth Straight,1,29,0,1,1,0.000359,3,0.5,0.547619,0,0,1,1,0
2178243152,1,,Advance Guy Notes,7145,3022,1,0,1,0.000682,0,0,0,0,1,0,1,0
2802681836,1,,Stoneham Disability,47,210,0,1,1,0.000359,1,1,1,0,0,1,1,0
855229572345995264,1,,Freedom North Shore,727,978,1,0,1,0.000426,0,0,0,0,1,0,1,0
1219258209451593728,1,,Quincy For Markey,79,66,1,0,1,0.000421,0,0,0,0,1,0,1,0
836408868355846145,0,,isra hirsi,134136,696,1,0,1,0.000421,0,0,0,0,1,0,1,0
27311044,0,,Dana Perino,2004244,9003,1,0,1,0.000521,0,0,0,0,1,0,1,0
252663106,0,,Cameron 1 Newton,1164641,122,0,1,1,0.000359,1,1,1,0,0,1,1,0
700121003,1,,Jodi Cloney,44,17,1,9,10,0.000484,6,0.275188,0.315665,0.000128,1,9,10,0.013889
406745433,0,,Sharon Needles,460960,484,1,0,1,0.000436,0,0,0,0,1,0,1,0
107817424,1,,CSfC,326,585,1,0,1,0.000426,0,0,0,0,1,0,1,0
913712382794280960,1,,Stanislav Komsky Baltimore Sun,494,1388,0,1,1,0.000359,1,1,1,0,0,1,1,0
195783637,0,,Ben Feibleman,4115,1428,1,0,1,0.000417,0,0,0,0,1,0,1,0
139245277,0,,Miguel Aguirre F.,146,405,0,1,1,0.000359,1,1,1,0,0,1,1,0
19658826,0,,New Scientist,3750357,187,1,0,1,0.000391,0,0,0,0,1,0,1,0
78100510,1,,MIT Sloan Experts,6979,3445,1,0,1,0.000403,0,0,0,0,1,0,1,0
67283363,0,,Nature Physics,224380,818,1,1,2,0.000391,1,1,1,0,1,1,2,0
62325140,0,,Bradley Smith,209830,93,1,0,1,0.000395,0,0,0,0,1,0,1,0
262078834,1,,John Quanrud,82,176,0,1,1,0.000359,1,1,1,0,0,1,1,0
30648872,0,,Alvin Lie :airplane::soccer_ball:,60966,497,1,0,1,0.000395,0,0,0,0,1,0,1,0
3026140439,0,,Prof Jonathan Moyo,637654,375,1,1,2,0.000399,1,1,1,0,1,1,2,0
2585696372,0,,Bloomberg Canada,24728,120,1,1,2,0.000425,1,1,1,0.000001,1,1,2,0
285282053,0,,Gwyneth Paltrow,2832817,189,1,3,4,0.000391,1,1,1,0.000001,1,3,4,0
910492003359760384,0,,John O. Brennan,834057,39,1,0,1,0.000727,0,0,0,0,1,0,1,0
930805809969209345,0,,Dr. LaChon Winston,111,94,1,0,1,0.000508,0,0,0,0,1,0,1,0
182889996,0,,Maverick Viñales,350163,299,1,0,1,0.000395,0,0,0,0,1,0,1,0
14353392,0,,Anthony Bourdain,6905005,733,0,1,1,0.000359,1,1,1,0,0,1,1,0
43855487,0,,Business Standard,1984128,386,1,0,1,0.000682,0,0,0,0,1,0,1,0
21570308,0,,Julie VerHage,13418,680,1,0,1,0.000435,0,0,0,0,1,0,1,0
58675816,0,,:United_Kingdom:UK in Japan:Japan:,104732,200,1,0,1,0.000403,0,0,0,0,1,0,1,0
1054858888707801088,0,,Dr. Jorge Peña,191,121,2,1,3,0.000722,1,1,1,0.000001,2,1,3,0.166667
264879105,0,,Amir Tibon,21788,2575,1,0,1,0.000435,0,0,0,0,1,0,1,0
763341799951925248,0,,Blacker Shinny,65,453,0,8,8,0.000359,2,0.785714,0.863636,0,0,8,8,0
195632804,1,,Kanoko Matsuyama,359,135,1,9,10,0.00044,5,0.323171,0.374843,0.000091,1,9,10,0
1297849541392306181,0,,Kelly Bryant,1,18,0,9,9,0.000359,7,0.244143,0.290753,0,0,9,9,0
715851056148791296,0,,David Ndii,786983,360,1,1,2,0.000399,1,1,1,0,1,1,2,0
3236381990,0,,Bloomberg Terminal,110405,264,1,0,1,0.000409,0,0,0,0,1,0,1,0
14096763,1,,Joe Weisenthal,226270,5651,1,0,1,0.000742,0,0,0,0,1,0,1,0
285301140,0,,esmé e. deprez,2283,990,1,0,1,0.000409,0,0,0,0,1,0,1,0
258885469,0,,Nick Confessore,204048,1491,1,3,4,0.000435,1,1,1,0.000005,1,3,4,0
39105645,0,,Dr. Ryan Daniel,1964,1130,1,0,1,0.000498,0,0,0,0,1,0,1,0
300497193,0,,Michael Tackett,27163,1743,1,9,10,0.00044,4,0.511628,0.651515,0.000018,1,9,10,0
1282203574781407232,1,,Mevrick,9,416,0,10,10,0.000359,2,0.777778,0.857143,0,0,10,10,0
192727728,1,,Rachelle Sampson,184,27,1,3,4,0.000409,1,1,1,0.000004,1,3,4,0
88662336,1,,Céline Keller,997,3021,0,1,1,0.000359,1,1,1,0,0,1,1,0
296924721,0,,Bloomberg Deals,27238,468,1,1,2,0.000425,1,1,1,0,1,1,2,0
64228568,0,,Rodrigo Jordan,29360,223,0,1,1,0.000359,1,1,1,0,0,1,1,0
2294895241,1,,Kate Garber,201,688,0,1,1,0.000359,2,0.666667,0.75,0,0,1,1,0
19243316,0,,Mayor Greg Ballard,44431,1203,1,1,2,0.000403,1,1,1,0.000001,1,1,2,0
1298547411665780741,1,,Siyanda,3,71,0,8,8,0.000359,2,0.833333,0.9,0,0,8,8,0
7768402,0,,Ryan J. Reilly,114753,8700,1,0,1,0.000409,0,0,0,0,1,0,1,0
21045275,0,,James Nash,1189,162,0,1,1,0.000359,1,1,1,0,0,1,1,0
2354465522,0,,Jay Shetty,251507,12011,1,0,1,0.000395,0,0,0,0,1,0,1,0
762967494718005248,1,,The Arsenal Review,21554,122,1,1,2,0.000399,1,1,1,0,1,1,2,0
18949452,0,,Financial Times,4173775,790,2,2,4,0.000587,1,1,1,0.000003,2,2,4,0
185270017,0,,David Enrich,47065,854,1,0,1,0.000734,0,0,0,0,1,0,1,0
107746523,0,,Lianna Brinded,7049,2396,1,1,2,0.000417,1,1,1,0.000002,1,1,2,0
39103115,1,,Aaron Rutkoff,4291,4238,1,8,9,0.00044,3,0.62963,0.72549,0.000015,1,8,9,0
1580555131,0,,Oliver Renick,7120,787,1,0,1,0.000425,0,0,0,0,1,0,1,0
19622212,0,,Chris D'Angelo :globe_showing_Americas:,5506,1474,1,1,2,0.000409,1,1,1,0.000001,1,1,2,0
1157045875857940480,1,,Azziad Nasenya,136541,927,1,1,2,0.000399,1,1,1,0,1,1,2,0
1021346002446561280,0,,Mohamed Sidek El Mouradi,273,4934,0,2,2,0.000359,2,0.625,0.7,0,0,2,2,0
2314166610,1,,Ivan Levingston,1441,1141,2,9,11,0.000763,3,0.571429,0.666667,0.000019,2,9,11,0.009091
1202126714219794433,1,,Ram V,37,329,0,1,1,0.000359,1,1,1,0,0,1,1,0
174225594,1,,Dr. Karen C. Woodson,973,577,2,1,3,0.000722,3,0.433333,0.474359,0,2,1,3,1
342226913,0,,Greg Stohr,23045,439,1,2,3,0.000403,1,1,1,0.000002,1,2,3,0
1134433206193872896,1,,@mommydrakeford,95,137,1,2,3,0.000498,2,0.75,0.833333,0.000001,1,2,3,0.166667
39000115,0,,Katy Tur,766714,1670,1,0,1,0.000682,0,0,0,0,1,0,1,0
29949435,0,,"#URaMiracle #ERAbyDJZinhle #ZeeNation",3001906,9453,2,0,2,0.000759,0,0,0,0,2,0,2,0
40912473,0,,Justin Elliott,21352,1895,1,0,1,0.000409,0,0,0,0,1,0,1,0
1094039133197135872,0,,Nolan McKenzie,2,323,0,2,2,0.000359,2,0.75,0.833333,0,0,2,2,0
8072532,0,,Ali M Latifi,28766,1118,1,0,1,0.000417,0,0,0,0,1,0,1,0
34713362,0,,Bloomberg,6602794,1290,2,8,10,0.000718,6,0.308442,0.364561,0.000117,2,8,10,0.011111
16446587,0,,Deane Barker,2708,262,1,0,1,0.000409,0,0,0,0,1,0,1,0
316509947,1,,Lananh Nguyen,4218,4512,2,8,10,0.000516,2,0.785714,0.863636,0.000017,2,8,10,0.011111
404803341,1,,:South_Korea: Korean Drama Movie :Indonesia:,433165,410,1,0,1,0.000395,0,0,0,0,1,0,1,0
28368776,0,,Tala,17543,2080,1,0,1,0.000399,0,0,0,0,1,0,1,0
1155027956504207361,0,,Ninik Moekijat,17227,1856,1,0,1,0.000395,0,0,0,0,1,0,1,0
14348157,0,,Catherine Rampell,178503,1402,2,0,2,0.000702,0,0,0,0,2,0,2,0
2230072406,0,,Lauren Volpert,76,109,1,0,1,0.000435,0,0,0,0,1,0,1,0
14360732,0,,Davey Alba,19479,1876,0,1,1,0.000359,2,0.666667,0.75,0,0,1,1,0
278776049,0,,The WH Blog (NARA),140904,0,1,0,1,0.000403,0,0,0,0,1,0,1,0
105939814,0,,Victoria Guida,16328,1220,1,1,2,0.000417,1,1,1,0.000002,1,1,2,0
2389227352,0,,Prof Thuli Madonsela,1443179,2123,1,1,2,0.000399,1,1,1,0,1,1,2,0
116238355,0,,Zach Baron,11912,876,1,0,1,0.000409,0,0,0,0,1,0,1,0
33612908,0,,AKA,4604466,7,1,0,1,0.000399,0,0,0,0,1,0,1,0
47440091,1,,Diane Anderson,234,706,0,1,1,0.000359,3,0.444444,0.541667,0,0,1,1,0
280830358,1,,Natan Sachs,7621,2124,1,0,1,0.000435,0,0,0,0,1,0,1,0
1651968589,1,,John Hyland,225,177,1,6,7,0.00044,2,0.714286,0.8,0.000008,1,6,7,0
792899276632391680,1,,Jennifer Till,242,106,1,2,3,0.000498,3,0.448276,0.512821,0,1,2,3,1
21041321,1,,Ted Fine,1721,435,2,0,2,0.000516,0,0,0,0,2,0,2,0
773239635384426496,1,,LaTonya Williams,322,454,1,3,4,0.000498,1,1,1,0.000003,1,3,4,0
3233300657,1,,Monique Davis,1555,594,2,8,10,0.001233,2,0.722222,0.807692,0.000007,2,8,10,0.035714
348404205,1,,Rob Mackenzie Smith,986,1066,1,0,1,0.000417,0,0,0,0,1,0,1,0
114870265,0,,Peter Beinart,106550,842,1,1,2,0.000403,1,1,1,0.000001,1,1,2,0
562456722,0,,Liz Allen NARA,8918,795,1,0,1,0.000482,0,0,0,0,1,0,1,0
1242732603683332096,1,,Heinoce Ejigu,84,2030,0,2,2,0.000359,1,1,1,0,0,2,2,0
979029881991368705,1,,Hannah Randall Akeel,330,748,1,1,2,0.000417,1,1,1,0.000002,1,1,2,0
220684673,0,,"Aihara, Hideki",31,253,0,1,1,0.000359,1,1,1,0,0,1,1,0
1023986311433048064,1,,Michael_that_is,181,1141,0,1,1,0.000359,1,1,1,0,0,1,1,0
69165006,1,,Declan Garvey,4414,954,1,1,2,0.000435,1,1,1,0.000002,1,1,2,0
43910797,0,,Sherrod Brown,452042,204,1,0,1,0.000521,0,0,0,0,1,0,1,0
222953824,0,,TwitterGov,2402748,29,1,0,1,0.000682,0,0,0,0,1,0,1,0
3379460452,1,,moeb,199,4942,0,1,1,0.000359,2,0.6,0.666667,0,0,1,1,0
35528169,0,,Madeleine Baran,26118,1655,1,2,3,0.000409,1,1,1,0.000002,1,2,3,0
2519200094,1,,NewZimbabwe.com,34636,750,1,0,1,0.000719,0,0,0,0,1,0,1,0
16955517,1,,DealBook,116515,301,1,3,4,0.000409,2,0.8,0.875,0.000005,1,3,4,0
2345489538,1,,Ellie Neustein,13,276,0,1,1,0.000359,1,1,1,0,0,1,1,0
230696471,1,,b i l i,65713,1025,1,0,1,0.000395,0,0,0,0,1,0,1,0
8198012,0,,Roman Mars,113349,2960,1,1,2,0.000409,1,1,1,0.000001,1,1,2,0
2978345031,1,,The Irish For :candle::skull::candle:,53388,2926,1,0,1,0.000409,0,0,0,0,1,0,1,0
66313848,1,,Tokyo Weekender,15828,993,1,0,1,0.000403,0,0,0,0,1,0,1,0
3313767952,0,,gaoshan,27,2211,0,2,2,0.000359,2,0.75,0.833333,0,0,2,2,0
467418826,0,,Max Biaggi,148944,187,1,0,1,0.000395,0,0,0,0,1,0,1,0
1193927742,1,,justin carrigan,1434,1387,0,1,1,0.000359,7,0.236679,0.260833,0,0,1,1,0
204245399,0,,NHKニュース,3044146,19,1,0,1,0.000403,0,0,0,0,1,0,1,0
1298149041998446592,0,,Mutiara Hitam,2,140,0,9,9,0.000359,1,1,1,0,0,9,9,0
143888360,1,,Anne Torres,844,580,0,3,3,0.000359,1,1,1,0,0,3,3,0
20776147,0,,Sean Spicer,436332,986,1,0,1,0.000482,0,0,0,0,1,0,1,0
121987042,1,,Yuki Hagiwara,242,233,1,0,1,0.000403,0,0,0,0,1,0,1,0
120129682,1,,"John King, USA",11546,194,1,3,4,0.000403,3,0.529412,0.62963,0.000009,1,3,4,0
225163993,0,,Chris Rugaber,4797,2705,1,0,1,0.000403,0,0,0,0,1,0,1,0
2950317022,1,,Elisabeth Joyce,28,124,0,2,2,0.000359,1,1,1,0,0,2,2,0
51462013,0,,Lizzie O'Leary,60576,3930,1,8,9,0.00044,2,0.681818,0.766667,0.000014,1,8,9,0
1209111705143435264,0,,Chas Gerretsen,20679,897,0,1,1,0.000359,1,1,1,0,0,1,1,0
764222875,1,,Bowie High School,1138,71,1,0,1,0.000498,0,0,0,0,1,0,1,0
155659213,0,,Cristiano Ronaldo,87313765,50,7,0,7,0.001417,0,0,0,0,7,0,7,0
147725246,0,,FoxNewsInsider,161827,361,0,1,1,0.000359,1,1,1,0,0,1,1,0
1339835893,0,,Hillary Clinton,28513011,846,5,0,5,0.001275,0,0,0,0,5,0,5,0
2575245955,0,,Andrew Havranek KY3,1361,2298,0,1,1,0.000359,1,1,1,0,0,1,1,0
20177423,0,,ELLE Magazine (US),6711313,1188,4,0,4,0.001508,0,0,0,0,4,0,4,0
29758446,0,,Rockstar Games,11021996,1374,2,0,2,0.00044,0,0,0,0,2,0,2,0
29562422,0,,Trump Los Angeles,117338,143,2,7,9,0.001185,4,0.447368,0.536765,0.000121,2,7,9,0.013889
458566509,1,,Allen Du Shane,688,748,0,2,2,0.000359,3,0.470588,0.5625,0,0,2,2,0
1367531,0,,Fox News,19595248,266,5,0,5,0.001059,0,0,0,0,5,0,5,0
34197952,0,,anand mahindra,8094486,231,1,0,1,0.000682,0,0,0,0,1,0,1,0
1261358267944456193,1,,Mr.Quark,2,48,0,2,2,0.000359,1,1,1,0,0,2,2,0
3461168303,0,,Bryson DeChambeau,132350,295,0,1,1,0.000359,1,1,1,0,0,1,1,0
822215673812119553,0,,The White House,24545901,14,9,4,13,0.001564,2,0.75,0.833333,0.000058,9,4,13,0.019231
22916785,1,,Cocktail Queen,1457,1213,1,0,1,0.000458,0,0,0,0,1,0,1,0
97188779,1,,A Man Apart..,323,1440,0,1,1,0.000359,2,0.666667,0.75,0,0,1,1,0
1296461083633385473,1,,Miroslav Vladyka,0,21,0,5,5,0.000359,3,0.625,0.733333,0,0,5,5,0
966099439239811072,1,,Craig,395,1101,0,1,1,0.000359,4,0.424242,0.470238,0,0,1,1,0
2651190312,0,,Brendan Carr,36599,1950,1,0,1,0.000909,0,0,0,0,1,0,1,0
34395888,0,,Ralph Lauren,2295055,338,1,1,2,0.000514,1,1,1,0.000011,1,1,2,0
1271061042685239298,0,,kara kolmetz,0,108,0,4,4,0.000359,1,1,1,0,0,4,4,0
1296713750347685891,1,,michael burke,12,673,0,1,1,0.000359,1,1,1,0,0,1,1,0
1253758623123214339,0,,loud_lzinn,160449,68,1,0,1,0.000395,0,0,0,0,1,0,1,0
91279573,0,,Adam Baldwin,346505,1267,1,0,1,0.001236,0,0,0,0,1,0,1,0
97452391,0,,Antonio Navarro,774108,445,1,1,2,0.000405,1,1,1,0,1,1,2,0
49961508,1,,s j Goodwin,4868,5316,0,1,1,0.000359,1,1,1,0,0,1,1,0
26853548,0,,NASA Universe,171854,78,1,0,1,0.000424,0,0,0,0,1,0,1,0
373416209,0,,Salman Rushdie,1203366,579,0,1,1,0.000359,1,1,1,0,0,1,1,0
2255036665,0,,Theo Walcott,2321541,127,2,2,4,0.000726,2,0.75,0.833333,0.000001,2,2,4,0.166667
25073877,0,,Donald J. Trump,85562156,50,21,7,28,0.00391,4,0.433036,0.474227,0.00087,21,7,28,0.005291
704391334128394240,0,,Allie Beth Stuckey,299143,660,1,0,1,0.000662,0,0,0,0,1,0,1,0
1094604723074797570,0,,স্বপ্ন ছোঁয়া,35208,4514,1,0,1,0.000405,0,0,0,0,1,0,1,0
1261346548635570177,0,,Lucaspual,48,268,0,2,2,0.000359,1,1,1,0,0,2,2,0
9695312,0,,billboard,9254866,3190,7,0,7,0.001984,0,0,0,0,7,0,7,0
415605847,0,,The Players' Tribune,641424,3282,1,0,1,0.000479,0,0,0,0,1,0,1,0
1080452069306249216,0,,Raghu_chintu,5,78,0,1,1,0.000359,1,1,1,0,0,1,1,0
19248106,0,,Mariah Carey,21539425,172,3,0,3,0.001435,0,0,0,0,3,0,3,0
2233154425,0,,Stephen King,6077689,123,1,0,1,0.000424,0,0,0,0,1,0,1,0
1248055290043314177,0,,Mohiuddin Naim,3,135,0,2,2,0.000359,3,0.435897,0.490196,0,0,2,2,0
24008967,0,,Alec Sulkin,551772,1344,1,0,1,0.000459,0,0,0,0,1,0,1,0
1143587983091744771,0,,marvinjo,26,478,0,1,1,0.000359,1,1,1,0,0,1,1,0
108985543,0,,Alex Bolton,10687,1134,1,0,1,0.000682,0,0,0,0,1,0,1,0
18927441,0,,IGN,7512138,1075,1,0,1,0.00041,0,0,0,0,1,0,1,0
1345702333,0,,Orange Is the New Black,2170902,364,1,0,1,0.00041,0,0,0,0,1,0,1,0
215991162,1,,Mobilewalla,6527,42,1,0,1,0.000498,0,0,0,0,1,0,1,0
3385482372,0,,Paul Singh,27,207,0,3,3,0.000359,1,1,1,0,0,3,3,0
117102398,0,,Julius Sello Malema,3194619,649,3,0,3,0.001082,0,0,0,0,3,0,3,0
33884545,0,,CNN en Español,18971487,573,2,0,2,0.000844,0,0,0,0,2,0,2,0
61776324,1,,Noah,8012,8414,1,0,1,0.000451,0,0,0,0,1,0,1,0
2902435381,1,,Sell on Amazon,34070,230,2,9,11,0.000614,4,0.422222,0.524123,0.000034,2,9,11,0.009091
783432377863286788,0,,Blissful Soul,29,2220,0,1,1,0.000359,1,1,1,0,0,1,1,0
10228272,0,,YouTube,72158328,1124,2,1,3,0.000865,1,1,1,0.000001,2,1,3,0
890260178,1,,Jackery Inc.,9403,195,1,1,2,0.00042,2,0.6,0.666667,0.000001,1,1,2,0
20536157,0,,Google,22154163,290,3,0,3,0.001242,0,0,0,0,3,0,3,0
2812017853,1,,Jackie Brian,993,1535,1,0,1,0.000431,0,0,0,0,1,0,1,0
471677441,1,,George Conway,1473008,1243,3,0,3,0.000928,0,0,0,0,3,0,3,0
48273686,0,,Gabo Sellanes,300,101,0,1,1,0.000359,1,1,1,0,0,1,1,0
602317143,0,,Patrick Stewart,3534367,213,3,0,3,0.001435,0,0,0,0,3,0,3,0
16186995,0,,Kickstarter,1032835,1172,1,1,2,0.000424,1,1,1,0.000003,1,1,2,0
15846407,0,,Ellen DeGeneres,79829417,27279,6,0,6,0.001545,0,0,0,0,6,0,6,0
1229252334221451266,1,,Cotton DURHAM,1,96,0,2,2,0.000359,5,0.267176,0.326667,0,0,2,2,0
14251225,0,,John Heilemann,369481,2898,1,0,1,0.000728,0,0,0,0,1,0,1,0
20710218,0,,MLB Network,1631153,4944,1,0,1,0.00041,0,0,0,0,1,0,1,0
15012486,0,,CBS News,7712084,522,4,0,4,0.000945,0,0,0,0,4,0,4,0
29763247,1,,Dean Noakes,6931,6691,1,0,1,0.000451,0,0,0,0,1,0,1,0
1957882742,0,,MargoGrayOsage,214,547,0,1,1,0.000359,1,1,1,0,0,1,1,0
176566242,0,,zayn,29287878,2036,1,0,1,0.000521,0,0,0,0,1,0,1,0
57096687,1,,Mark Flagg,1131,1717,1,0,1,0.00043,0,0,0,0,1,0,1,0
33339053,1,,TAZ,2983,1997,1,1,2,0.000405,1,1,1,0,1,1,2,0
247560825,0,,Mariska Hargitay,945265,2037,1,0,1,0.000467,0,0,0,0,1,0,1,0
113749355,0,,HAYLEY MCQUEEN,382260,1842,1,1,2,0.000417,1,1,1,0.000001,1,1,2,0
3004871415,0,,DaBaby,2638620,3,1,0,1,0.000405,0,0,0,0,1,0,1,0
43389935,1,,VVSCANDiKiSSES,166,97,1,2,3,0.00043,2,0.571429,0.625,0,1,2,3,0
169120402,1,,Global Wildlife Conservation,9205,2017,1,0,1,0.000467,0,0,0,0,1,0,1,0
1079774950574174208,1,,AcHeLiUm,5,50,0,2,2,0.000359,4,0.444444,0.520833,0,0,2,2,0
17351666,0,,ESSENCE Festival,95220,835,1,0,1,0.000405,0,0,0,0,1,0,1,0
352082953,0,,Gervonta Davis,261823,529,1,0,1,0.00083,0,0,0,0,1,0,1,0
58465556,0,,Bop Daddy,1439084,1553,2,1,3,0.000723,1,1,1,0.000001,2,1,3,0
611322066,1,,Kim Coleman,4618,4,1,0,1,0.000405,0,0,0,0,1,0,1,0
11071292,0,,Herbalife Nutrition,327385,550,3,0,3,0.001208,0,0,0,0,3,0,3,0
713993413,0,,Sky Sports Premier League,5050984,781,2,0,2,0.000844,0,0,0,0,2,0,2,0
17609668,0,,Tony Danza,56449,1798,2,0,2,0.00078,0,0,0,0,2,0,2,0
1078420864260026369,1,,M O S T HATED,726,474,1,0,1,0.000478,0,0,0,0,1,0,1,0
1522823412,0,,jxdn,1611680,569,2,1,3,0.000649,1,1,1,0.000001,2,1,3,0.166667
756345685562298370,0,,Haila Saleh,12805,83,0,1,1,0.000359,1,1,1,0,0,1,1,0
2274190507,1,,Girls Talk London,7120,3236,1,0,1,0.000405,0,0,0,0,1,0,1,0
84353161,0,,Michael Vick,2746833,916,2,0,2,0.00079,0,0,0,0,2,0,2,0
4852672499,0,,RUEL,190803,30,1,1,2,0.000399,1,1,1,0,1,1,2,0
306501902,1,,Kelley A. Carter,666,677,1,0,1,0.000399,0,0,0,0,1,0,1,0
1030687460102168576,0,,Commandment,88732,370,1,0,1,0.000391,0,0,0,0,1,0,1,0
218713291,1,,FUCK DAT BITCH,452,613,1,0,1,0.000413,0,0,0,0,1,0,1,0
229636313,0,,DONDRÉ T. WHITFIELD,61054,924,1,2,3,0.000395,1,1,1,0.000001,1,2,3,0
15706037,1,,Sandie Crowley,7790,535,1,1,2,0.000399,2,0.666667,0.75,0.000001,1,1,2,0
573565184,0,,Josh Donaldson,710955,263,1,0,1,0.000731,0,0,0,0,1,0,1,0
35036835,0,,Elise:butterfly:,1110,866,1,0,1,0.000399,0,0,0,0,1,0,1,0
2891263194,1,,TJ,102,3364,0,1,1,0.000359,1,1,1,0,0,1,1,0
17220934,0,,Al Gore,3041732,38,1,0,1,0.000413,0,0,0,0,1,0,1,0
20355858,1,,PatMamba:snake: ➐,1198,3504,0,1,1,0.000359,1,1,1,0,0,1,1,0
18395177,0,,solange knowles,4151556,166,1,0,1,0.000909,0,0,0,0,1,0,1,0
1166874747893964801,1,,Otis Pagodis,6,686,0,1,1,0.000359,2,0.6,0.666667,0,0,1,1,0
1021883614705930241,0,,melany :hibiscus:,285,389,1,1,2,0.000399,1,1,1,0,1,1,2,0
1130942048314515456,1,,Arely Espinoza,154,195,0,1,1,0.000359,1,1,1,0,0,1,1,0
3298260008,0,,Roddy Ricch,2144190,21,2,1,3,0.000535,1,1,1,0.000001,2,1,3,0
935716178353369088,0,,Bryce MacDougall,348,323,1,0,1,0.000399,0,0,0,0,1,0,1,0
48011984,0,,NBA Summer League,103313,1695,1,0,1,0.000539,0,0,0,0,1,0,1,0
958257993245708288,0,,.....,721,1155,0,5,5,0.000359,1,1,1,0,0,5,5,0
818238024,0,,Jose Reyes,163820,1267,1,0,1,0.000405,0,0,0,0,1,0,1,0
883494522663051264,1,,go follow blockaye007,20,1116,0,1,1,0.000359,1,1,1,0,0,1,1,0
116303851,0,,Colby Lewis,2126,460,0,1,1,0.000359,1,1,1,0,0,1,1,0
7215512,0,,grist,232534,3069,1,0,1,0.000482,0,0,0,0,1,0,1,0
138871323,1,,David Spell,164,959,0,1,1,0.000359,1,1,1,0,0,1,1,0
142721190,0,,Elise Foley,61086,1584,1,2,3,0.000682,1,1,1,0.000001,1,2,3,0
2484572270,0,,TiTo,404,612,1,0,1,0.000405,0,0,0,0,1,0,1,0
787471052,1,,Sarah Bernabei,150,777,1,2,3,0.000405,1,1,1,0.000001,1,2,3,0
24959108,0,,SAMHSA,101370,676,2,9,11,0.000628,3,0.606061,0.708333,0.000012,2,9,11,0
185289508,1,,Bruce - DEMOCRATS Live:lady_beetle::blue_heart::dog: #IoveDogs:dog_face:#VoteBlue,3751,3760,1,0,1,0.000399,0,0,0,0,1,0,1,0
105119490,0,,Niall Horan,40386214,5851,3,0,3,0.00079,0,0,0,0,3,0,3,0
1135486501,0,,Rep. Scott Peters,27378,974,1,0,1,0.000682,0,0,0,0,1,0,1,0
26548315,0,,Soledad O'Brien,1295832,442500,2,0,2,0.000844,0,0,0,0,2,0,2,0
1298281349736849408,1,,Lynnette Simpson,0,13,0,6,6,0.000359,2,0.875,0.928571,0,0,6,6,0
1255601751090225154,0,,Krista Antrim,43,65,0,2,2,0.000359,4,0.4,0.454545,0,0,2,2,0
2698848186,1,,Ffs OMG Vids :fire::film_projector:,513840,1448,0,1,1,0.000359,1,1,1,0,0,1,1,0
1176423743268282369,1,,debberdoo,3,78,0,6,6,0.000359,2,0.875,0.928571,0,0,6,6,0
1220461560428138496,0,,Ahmet Omar,0,18,0,2,2,0.000359,4,0.41791,0.464286,0,0,2,2,0
3428422540,1,,Nashoba Valley Voice,759,282,1,0,1,0.000395,0,0,0,0,1,0,1,0
23865382,0,,Ana Kasparian,377720,895,1,0,1,0.000682,0,0,0,0,1,0,1,0
887454455788167168,1,,Debbie,17,242,0,1,1,0.000359,1,1,1,0,0,1,1,0
310450883,1,,Jeffrey Tumlin,13923,398,1,0,1,0.000399,0,0,0,0,1,0,1,0
234074680,0,,Johana Bhuiyan,28773,5272,1,1,2,0.000682,1,1,1,0,1,1,2,0
65639777,0,,Siddhartha Mahanta,7679,995,1,0,1,0.000541,0,0,0,0,1,0,1,0
19554706,0,,Demi Moore,4586745,344,2,0,2,0.000844,0,0,0,0,2,0,2,0
56440142,1,,Humberto Sanchez,4146,3012,1,0,1,0.000395,0,0,0,0,1,0,1,0
2788190348,1,,Michael Rock,1345,3794,0,1,1,0.000359,1,1,1,0,0,1,1,0
800942537083068416,0,,Women's March,632079,803,2,0,2,0.000567,0,0,0,0,2,0,2,0
1524611857,0,,Trista Kelley,3359,3517,1,0,1,0.00044,0,0,0,0,1,0,1,0
3070263984,0,,bb14,177,688,1,1,2,0.000585,1,1,1,0.000001,1,1,2,0
79923701,0,,Lin-Manuel Miranda,3471100,3580,2,0,2,0.000941,0,0,0,0,2,0,2,0
2805856351,1,,Kate Klonick,17884,1180,1,0,1,0.000468,0,0,0,0,1,0,1,0
2432748481,1,,UNSW Engineering,3078,347,1,0,1,0.000418,0,0,0,0,1,0,1,0
1298431373540306944,1,,J. Cŵ,1,67,0,5,5,0.000359,4,0.448276,0.602564,0,0,5,5,0
4439845096,1,,Ales Tech,427,98,1,0,1,0.000418,0,0,0,0,1,0,1,0
1242286556699713537,0,,Umer Wani,13,36,1,2,3,0.000399,2,0.75,0.833333,0,1,2,3,0.333333
331333979,0,,mayumi,254183,571,1,0,1,0.000682,0,0,0,0,1,0,1,0
2444425802,1,,MachinePix,118186,73,1,6,7,0.00044,2,0.8,0.875,0.000002,1,6,7,0
5943622,0,,Marc Andreessen,789862,19928,2,7,9,0.000844,2,0.769231,0.85,0.000006,2,7,9,0
1068831,0,,Slashdot,257753,153,0,7,7,0.000359,1,1,1,0,0,7,7,0
533085085,0,,Mesut Özil,24931843,122,2,0,2,0.00079,0,0,0,0,2,0,2,0
1254715321660903426,0,,黎昕,1,77,0,7,7,0.000359,1,1,1,0,0,7,7,0
1249233863777210368,0,,黑色的猫,8150,6,1,0,1,0.000405,0,0,0,0,1,0,1,0
474833666,0,,The Cure,148067,1,2,0,2,0.00061,0,0,0,0,2,0,2,0
1285980817,0,,Can Uzunkök,1220359,640628,2,0,2,0.001238,0,0,0,0,2,0,2,0
48777014,0,,Pedram Khodadadi,464,313,1,0,1,0.000468,0,0,0,0,1,0,1,0
490932793,0,,Mark Rober,214896,371,1,1,2,0.000425,1,1,1,0.000001,1,1,2,0
1260055980391272449,1,,johnwei3012,1,173,0,3,3,0.000359,2,0.578947,0.636364,0,0,3,3,0
2911000602,0,,Shikhar Dhawan,5147969,66,0,2,2,0.000359,1,1,1,0,0,2,2,0
2708191476,0,,rae,795143,1006,1,0,1,0.000682,0,0,0,0,1,0,1,0
1286741915875115010,1,,ottavia botte,1,23,0,2,2,0.000359,1,1,1,0,0,2,2,0
16409683,0,,Britney Spears,55894254,375076,2,0,2,0.000574,0,0,0,0,2,0,2,0
988692701791993856,0,,Weverse,1633339,11,1,0,1,0.000521,0,0,0,0,1,0,1,0
30364057,0,,Sarah Silverman,12491376,1674,2,0,2,0.000759,0,0,0,0,2,0,2,0
1057068776427081728,1,,Mob,123,55,1,1,2,0.000391,1,1,1,0,1,1,2,0
19986985,0,,Antony Cotton,568733,2160,1,0,1,0.000426,0,0,0,0,1,0,1,0
1294974804425089024,0,,Gemma Taylor,9,95,0,1,1,0.000359,1,1,1,0,0,1,1,0
85662688,1,,Lizzie J Doak,178,174,1,0,1,0.000413,0,0,0,0,1,0,1,0
1296935118377046017,1,,Jeff D. Cedeño :smiling_face_with_smiling_eyes::microphone::headphone::musical_keyboard:,35,529,0,1,1,0.000359,1,1,1,0,0,1,1,0
617769519,0,,David Lauren,5624,87,0,1,1,0.000359,1,1,1,0,0,1,1,0
2442557495,1,,Salim A Kashmirwala,91,368,0,8,8,0.000359,2,0.9,0.944444,0,0,8,8,0
98765275,0,,Queen,2004519,240,1,0,1,0.000682,0,0,0,0,1,0,1,0
35369214,0,,Gwendoline Christie,985122,1506,1,0,1,0.000426,0,0,0,0,1,0,1,0
1237654520332779522,1,,Simon Walton,3,171,0,1,1,0.000359,1,1,1,0,0,1,1,0
790557949,0,,jules,14827,435,1,1,2,0.000477,3,0.5,0.547619,0,1,1,2,0
1095495491968749568,0,,:white_small_square:RT:white_small_square:DE:white_small_square:FAMOSOS:white_small_square:,36,353,0,1,1,0.000359,1,1,1,0,0,1,1,0
233814364,0,,Benedict Cua,686335,334,0,1,1,0.000359,1,1,1,0,0,1,1,0
1545145386,0,,Gareth Anscombe,21402,545,1,0,1,0.000426,0,0,0,0,1,0,1,0
1214912228450656256,1,,Teagan:white_heart:,6,131,0,1,1,0.000359,1,1,1,0,0,1,1,0
3435506308,1,,Secrets de Paris /en,2157,1,1,0,1,0.000399,0,0,0,0,1,0,1,0
103178396,0,,David  Urdaneta,413,414,1,0,1,0.000399,0,0,0,0,1,0,1,0
26726105,0,,MIKE MAGO,7448,257,1,1,2,0.000391,1,1,1,0,1,1,2,0
126175098,0,,Thalissa Viviana,29,0,1,0,1,0.000399,0,0,0,0,1,0,1,0
27406401,0,,b r a n d y,3113233,4044,2,0,2,0.000832,0,0,0,0,2,0,2,0
162069651,0,,Telegraph Fashion,142318,1472,1,1,2,0.000399,1,1,1,0,1,1,2,0
40256008,0,,Emisoras Unidas,1272310,89,0,1,1,0.000359,5,0.304348,0.321259,0,0,1,1,0
3461302402,0,,Andressa Alves,13425,143,1,0,1,0.000465,0,0,0,0,1,0,1,0
1903105045,1,,Political Polls,162706,259,1,0,1,0.000682,0,0,0,0,1,0,1,0
142264595,0,,FIFA.com - عربي,3951167,600,1,1,2,0.000395,1,1,1,0,1,1,2,0
1298690777007169536,1,,papijojo:/,1,59,0,10,10,0.000359,2,0.916667,0.954545,0,0,10,10,0.011111
253508662,0,,JuventusFC,8247874,56,0,2,2,0.000359,1,1,1,0,0,2,2,0
1200832952,1,,chijesh,18,148,0,1,1,0.000359,1,1,1,0,0,1,1,0
1178944580,0,,João Moutinho,309970,53,3,6,9,0.000686,2,0.75,0.833333,0.000007,3,6,9,0.017857
1282370981093408768,0,,Rafael Sena,3,164,0,2,2,0.000359,1,1,1,0,0,2,2,0
1199642137,1,,Kevo abreu jr.,289,3001,0,1,1,0.000359,1,1,1,0,0,1,1,0
792715898,1,,Nike Football Egypt,2209,47,1,0,1,0.000465,0,0,0,0,1,0,1,0
217160945,0,,Kevin Love,3210089,506,1,0,1,0.000682,0,0,0,0,1,0,1,0
62588600,0,,Ray Parlour,453665,736,0,1,1,0.000359,1,1,1,0,0,1,1,0
1111763977896423429,1,,PES MIL GRAU 2.0,16366,54,0,1,1,0.000359,1,1,1,0,0,1,1,0
1258401099284983814,1,,Kuvvetli.seks,21,233,0,3,3,0.000359,3,0.52381,0.606061,0,0,3,3,0
174110843,0,,Jon Lovett,791941,1576,2,0,2,0.000569,0,0,0,0,2,0,2,0
461720085,0,,Joe Kennedy III,101365,596,1,0,1,0.000407,0,0,0,0,1,0,1,0
1216790035195973632,1,,Ben Rutberg for ed markey,322,307,1,0,1,0.000407,0,0,0,0,1,0,1,0
25020503,1,,Blue Check Beth!,5770,4173,1,0,1,0.000442,0,0,0,0,1,0,1,0
1611662210,0,,Ellie Loigman,341,579,0,2,2,0.000359,1,1,1,0,0,2,2,0
3535707977,1,,Adam Waters,262,645,1,0,1,0.000407,0,0,0,0,1,0,1,0
910287474651484160,0,,Alex,78,190,0,3,3,0.000359,1,1,1,0,0,3,3,0
16494054,1,,FrdK,1611,4256,0,1,1,0.000359,1,1,1,0,0,1,1,0
1138076821533155328,0,,Jamaal Bowman,170794,1556,1,0,1,0.000403,0,0,0,0,1,0,1,0
1136085278731505664,1,,martin :face_with_medical_mask:,18,876,0,2,2,0.000359,2,0.75,0.833333,0,0,2,2,0
84449303,1,,Trump Blocked Me,1094,1108,0,3,3,0.000359,1,1,1,0,0,3,3,0
3234174853,1,,Rachel_JSA,1730,3095,1,9,10,0.000484,2,0.846154,0.909091,0.000017,1,9,10,0
885227247992541196,1,,Aila Hoss,1246,689,1,0,1,0.000399,0,0,0,0,1,0,1,0
1256229679331229701,1,,No DICKtators I AM AMERICA,431,1316,0,1,1,0.000359,1,1,1,0,0,1,1,0
17076330,1,,Daniel Bessner,12440,981,1,0,1,0.000421,0,0,0,0,1,0,1,0
21918310,0,,All Things Considered,326854,370,1,1,2,0.000521,1,1,1,0,1,1,2,0
810493592443748352,1,,Methi Restaurant,18,138,0,1,1,0.000359,1,1,1,0,0,1,1,0
1428787428,1,,North Reading Middle School,957,42,1,0,1,0.000407,0,0,0,0,1,0,1,0
15893354,0,,Jenna Johnson,125947,2818,1,1,2,0.000409,1,1,1,0.000001,1,1,2,0
118747545,0,,Juliet Eilperin,31476,600,1,3,4,0.000409,1,1,1,0.000004,1,3,4,0
34755196,0,,Anne D'Innocenzio,10308,2136,1,0,1,0.000417,0,0,0,0,1,0,1,0
38469445,1,,Amy Resnick,10261,9852,1,0,1,0.000734,0,0,0,0,1,0,1,0
805789441373544448,1,,Ndon :four_leaf_clover:,10981,432,1,0,1,0.000395,0,0,0,0,1,0,1,0
53192519,0,,Kurt Metzger,41654,699,0,2,2,0.000359,1,1,1,0,0,2,2,0
14800270,0,,Harvard Business Review,5615266,214,1,0,1,0.001009,0,0,0,0,1,0,1,0
805916687728082944,1,,santé,654,4344,0,1,1,0.000359,1,1,1,0,0,1,1,0
15920243,0,,Megan Phelps-Roper,68273,999,0,1,1,0.000359,1,1,1,0,0,1,1,0
33990291,0,,Jennifer Hudson,3941828,652,1,0,1,0.000508,0,0,0,0,1,0,1,0
18336143,0,,David Eggert,16235,3463,1,0,1,0.000403,0,0,0,0,1,0,1,0
2895092784,1,,Emblematic Group,3107,1242,1,0,1,0.000425,0,0,0,0,1,0,1,0
101538730,1,,Justin Vogt,2823,1448,1,1,2,0.000409,1,1,1,0.000001,1,1,2,0
244169661,0,,jenny strasburg,5580,2852,1,0,1,0.000435,0,0,0,0,1,0,1,0
707714090261676033,1,,Michael Danis,19,553,0,2,2,0.000359,1,1,1,0,0,2,2,0
114349471,1,,Engin Yenidunya,2056,2383,1,0,1,0.000403,0,0,0,0,1,0,1,0
16623443,0,,Elizabeth Dwoskin,23523,2095,0,1,1,0.000359,1,1,1,0,0,1,1,0
1442394878,0,,Mz_Mychel,85,220,1,0,1,0.000498,0,0,0,0,1,0,1,0
259771124,1,,@arxivblog,70717,0,1,0,1,0.000391,0,0,0,0,1,0,1,0
130865850,0,,鈴木達治郎,5936,933,1,1,2,0.000403,1,1,1,0.000001,1,1,2,0
108977933,0,,David Rothschild,72650,100,0,2,2,0.000359,1,1,1,0,0,2,2,0
920348493583040512,1,,Jaya Associates,6,62,0,4,4,0.000359,1,1,1,0,0,4,4,0
110312278,0,,Anies Baswedan,3791160,393,1,0,1,0.000395,0,0,0,0,1,0,1,0
2342939094,1,,Hamna Nazir,11,11,0,1,1,0.000359,4,0.373134,0.41,0,0,1,1,0
131638816,1,,Paragon Real Estate,2318,613,0,1,1,0.000359,2,0.666667,0.75,0,0,1,1,0
